
****************
CBC-G1
****************
                      AMBER      GROMACS       LAMMPS      DESMOND       CHARMM
          Bond     36.5212000     36.5211552     36.5211550     36.5207362     36.5211600
         Angle    113.5427000    113.5427213    113.5427200    113.5425820    113.5423300
 All dihedrals     67.7460000     67.7459272     67.7459290     67.7459798     67.7494200
        Bonded    217.8099000    217.8098037    217.8098040    217.8092980    217.8129100
         LJ-14     43.8416000     43.8415720            n/a     43.8416774            n/a
    Coulomb-14      0.8189000      0.8189040            n/a      0.8189810            n/a
 van der Waals   2921.5329000   2921.4839982   2921.4797000            n/a   2921.5469900
 Electrostatic -23992.6271000 -23993.5431942 -23993.6130000            n/a -23994.1025400
     Nonbonded -21071.0942000 -21072.0591960 -21072.1333000            n/a -21072.5555500
     Potential -20853.2843000 -20854.2493923 -20854.3190000 -20854.4114000 -20854.7426500

Bond energy differences
                AMBER      GROMACS       LAMMPS      DESMOND       CHARMM
   AMBER    0.0000000    0.0000448    0.0000450    0.0004638    0.0000400
 GROMACS   -0.0000448    0.0000000    0.0000002    0.0004190   -0.0000048
  LAMMPS   -0.0000450   -0.0000002    0.0000000    0.0004188   -0.0000050
 DESMOND   -0.0004638   -0.0004190   -0.0004188    0.0000000   -0.0004238
  CHARMM   -0.0000400    0.0000048    0.0000050    0.0004238    0.0000000

Angle energy differences
                AMBER      GROMACS       LAMMPS      DESMOND       CHARMM
   AMBER    0.0000000   -0.0000213   -0.0000200    0.0001180    0.0003700
 GROMACS    0.0000213    0.0000000    0.0000013    0.0001393    0.0003913
  LAMMPS    0.0000200   -0.0000013    0.0000000    0.0001380    0.0003900
 DESMOND   -0.0001180   -0.0001393   -0.0001380    0.0000000    0.0002520
  CHARMM   -0.0003700   -0.0003913   -0.0003900   -0.0002520    0.0000000

All dihedrals energy differences
                AMBER      GROMACS       LAMMPS      DESMOND       CHARMM
   AMBER    0.0000000    0.0000728    0.0000710    0.0000202   -0.0034200
 GROMACS   -0.0000728    0.0000000   -0.0000018   -0.0000526   -0.0034928
  LAMMPS   -0.0000710    0.0000018    0.0000000   -0.0000508   -0.0034910
 DESMOND   -0.0000202    0.0000526    0.0000508    0.0000000   -0.0034402
  CHARMM    0.0034200    0.0034928    0.0034910    0.0034402    0.0000000

Bonded energy differences
                AMBER      GROMACS       LAMMPS      DESMOND       CHARMM
   AMBER    0.0000000    0.0000963    0.0000960    0.0006020   -0.0030100
 GROMACS   -0.0000963    0.0000000   -0.0000003    0.0005057   -0.0031063
  LAMMPS   -0.0000960    0.0000003    0.0000000    0.0005060   -0.0031060
 DESMOND   -0.0006020   -0.0005057   -0.0005060    0.0000000   -0.0036120
  CHARMM    0.0030100    0.0031063    0.0031060    0.0036120    0.0000000

LJ-14 energy differences
                AMBER      GROMACS       LAMMPS      DESMOND       CHARMM
   AMBER    0.0000000    0.0000280          n/a   -0.0000774          n/a
 GROMACS   -0.0000280    0.0000000          n/a   -0.0001054          n/a
  LAMMPS          n/a          n/a          n/a          n/a          n/a
 DESMOND    0.0000774    0.0001054          n/a    0.0000000          n/a
  CHARMM          n/a          n/a          n/a          n/a          n/a

Coulomb-14 energy differences
                AMBER      GROMACS       LAMMPS      DESMOND       CHARMM
   AMBER    0.0000000   -0.0000040          n/a   -0.0000810          n/a
 GROMACS    0.0000040    0.0000000          n/a   -0.0000770          n/a
  LAMMPS          n/a          n/a          n/a          n/a          n/a
 DESMOND    0.0000810    0.0000770          n/a    0.0000000          n/a
  CHARMM          n/a          n/a          n/a          n/a          n/a

van der Waals energy differences
                AMBER      GROMACS       LAMMPS      DESMOND       CHARMM
   AMBER    0.0000000    0.0489018    0.0532000          n/a   -0.0140900
 GROMACS   -0.0489018    0.0000000    0.0042982          n/a   -0.0629918
  LAMMPS   -0.0532000   -0.0042982    0.0000000          n/a   -0.0672900
 DESMOND          n/a          n/a          n/a          n/a          n/a
  CHARMM    0.0140900    0.0629918    0.0672900          n/a    0.0000000

Electrostatic energy differences
                AMBER      GROMACS       LAMMPS      DESMOND       CHARMM
   AMBER    0.0000000    0.9160942    0.9859000          n/a    1.4754400
 GROMACS   -0.9160942    0.0000000    0.0698058          n/a    0.5593458
  LAMMPS   -0.9859000   -0.0698058    0.0000000          n/a    0.4895400
 DESMOND          n/a          n/a          n/a          n/a          n/a
  CHARMM   -1.4754400   -0.5593458   -0.4895400          n/a    0.0000000

Nonbonded energy differences
                AMBER      GROMACS       LAMMPS      DESMOND       CHARMM
   AMBER    0.0000000    0.9649960    1.0391000          n/a    1.4613500
 GROMACS   -0.9649960    0.0000000    0.0741040          n/a    0.4963540
  LAMMPS   -1.0391000   -0.0741040    0.0000000          n/a    0.4222500
 DESMOND          n/a          n/a          n/a          n/a          n/a
  CHARMM   -1.4613500   -0.4963540   -0.4222500          n/a    0.0000000

Potential energy differences
                AMBER      GROMACS       LAMMPS      DESMOND       CHARMM
   AMBER    0.0000000    0.9650923    1.0347000    1.1271000    1.4583500
 GROMACS   -0.9650923    0.0000000    0.0696077    0.1620077    0.4932577
  LAMMPS   -1.0347000   -0.0696077    0.0000000    0.0924000    0.4236500
 DESMOND   -1.1271000   -0.1620077   -0.0924000    0.0000000    0.3312500
  CHARMM   -1.4583500   -0.4932577   -0.4236500   -0.3312500    0.0000000

****************
CBC-G10
****************
                      AMBER      GROMACS       LAMMPS      DESMOND       CHARMM
          Bond     42.6187000     42.6187409     42.6187410     42.6195408     42.6187400
         Angle    132.0880000    132.0880402    132.0880400    132.0879150    132.0878200
 All dihedrals     78.1154000     78.1153403     78.1153280     78.1152650     78.1186000
        Bonded    252.8221000    252.8221213    252.8221090    252.8227208    252.8251600
         LJ-14     48.2048000     48.2046726            n/a     48.2046705            n/a
    Coulomb-14    -26.6324000    -26.6333180            n/a    -26.6332076            n/a
 van der Waals   2986.8106000   2986.7091551   2986.7042000            n/a   2986.8170600
 Electrostatic -24027.7386000 -24027.9598103 -24027.9850000            n/a -24028.5770100
     Nonbonded -21040.9280000 -21041.2506552 -21041.2808000            n/a -21041.7599500
     Potential -20788.1059000 -20788.4285339 -20788.4570000 -20788.5386000 -20788.9347800

Bond energy differences
                AMBER      GROMACS       LAMMPS      DESMOND       CHARMM
   AMBER    0.0000000   -0.0000409   -0.0000410   -0.0008408   -0.0000400
 GROMACS    0.0000409    0.0000000   -0.0000001   -0.0007999    0.0000009
  LAMMPS    0.0000410    0.0000001    0.0000000   -0.0007998    0.0000010
 DESMOND    0.0008408    0.0007999    0.0007998    0.0000000    0.0008008
  CHARMM    0.0000400   -0.0000009   -0.0000010   -0.0008008    0.0000000

Angle energy differences
                AMBER      GROMACS       LAMMPS      DESMOND       CHARMM
   AMBER    0.0000000   -0.0000402   -0.0000400    0.0000850    0.0001800
 GROMACS    0.0000402    0.0000000    0.0000002    0.0001252    0.0002202
  LAMMPS    0.0000400   -0.0000002    0.0000000    0.0001250    0.0002200
 DESMOND   -0.0000850   -0.0001252   -0.0001250    0.0000000    0.0000950
  CHARMM   -0.0001800   -0.0002202   -0.0002200   -0.0000950    0.0000000

All dihedrals energy differences
                AMBER      GROMACS       LAMMPS      DESMOND       CHARMM
   AMBER    0.0000000    0.0000597    0.0000720    0.0001350   -0.0032000
 GROMACS   -0.0000597    0.0000000    0.0000123    0.0000753   -0.0032597
  LAMMPS   -0.0000720   -0.0000123    0.0000000    0.0000630   -0.0032720
 DESMOND   -0.0001350   -0.0000753   -0.0000630    0.0000000   -0.0033350
  CHARMM    0.0032000    0.0032597    0.0032720    0.0033350    0.0000000

Bonded energy differences
                AMBER      GROMACS       LAMMPS      DESMOND       CHARMM
   AMBER    0.0000000   -0.0000213   -0.0000090   -0.0006208   -0.0030600
 GROMACS    0.0000213    0.0000000    0.0000123   -0.0005995   -0.0030387
  LAMMPS    0.0000090   -0.0000123    0.0000000   -0.0006118   -0.0030510
 DESMOND    0.0006208    0.0005995    0.0006118    0.0000000   -0.0024392
  CHARMM    0.0030600    0.0030387    0.0030510    0.0024392    0.0000000

LJ-14 energy differences
                AMBER      GROMACS       LAMMPS      DESMOND       CHARMM
   AMBER    0.0000000    0.0001274          n/a    0.0001295          n/a
 GROMACS   -0.0001274    0.0000000          n/a    0.0000021          n/a
  LAMMPS          n/a          n/a          n/a          n/a          n/a
 DESMOND   -0.0001295   -0.0000021          n/a    0.0000000          n/a
  CHARMM          n/a          n/a          n/a          n/a          n/a

Coulomb-14 energy differences
                AMBER      GROMACS       LAMMPS      DESMOND       CHARMM
   AMBER    0.0000000    0.0009180          n/a    0.0008076          n/a
 GROMACS   -0.0009180    0.0000000          n/a   -0.0001104          n/a
  LAMMPS          n/a          n/a          n/a          n/a          n/a
 DESMOND   -0.0008076    0.0001104          n/a    0.0000000          n/a
  CHARMM          n/a          n/a          n/a          n/a          n/a

van der Waals energy differences
                AMBER      GROMACS       LAMMPS      DESMOND       CHARMM
   AMBER    0.0000000    0.1014449    0.1064000          n/a   -0.0064600
 GROMACS   -0.1014449    0.0000000    0.0049551          n/a   -0.1079049
  LAMMPS   -0.1064000   -0.0049551    0.0000000          n/a   -0.1128600
 DESMOND          n/a          n/a          n/a          n/a          n/a
  CHARMM    0.0064600    0.1079049    0.1128600          n/a    0.0000000

Electrostatic energy differences
                AMBER      GROMACS       LAMMPS      DESMOND       CHARMM
   AMBER    0.0000000    0.2212103    0.2464000          n/a    0.8384100
 GROMACS   -0.2212103    0.0000000    0.0251897          n/a    0.6171997
  LAMMPS   -0.2464000   -0.0251897    0.0000000          n/a    0.5920100
 DESMOND          n/a          n/a          n/a          n/a          n/a
  CHARMM   -0.8384100   -0.6171997   -0.5920100          n/a    0.0000000

Nonbonded energy differences
                AMBER      GROMACS       LAMMPS      DESMOND       CHARMM
   AMBER    0.0000000    0.3226552    0.3528000          n/a    0.8319500
 GROMACS   -0.3226552    0.0000000    0.0301448          n/a    0.5092948
  LAMMPS   -0.3528000   -0.0301448    0.0000000          n/a    0.4791500
 DESMOND          n/a          n/a          n/a          n/a          n/a
  CHARMM   -0.8319500   -0.5092948   -0.4791500          n/a    0.0000000

Potential energy differences
                AMBER      GROMACS       LAMMPS      DESMOND       CHARMM
   AMBER    0.0000000    0.3226339    0.3511000    0.4327000    0.8288800
 GROMACS   -0.3226339    0.0000000    0.0284661    0.1100661    0.5062461
  LAMMPS   -0.3511000   -0.0284661    0.0000000    0.0816000    0.4777800
 DESMOND   -0.4327000   -0.1100661   -0.0816000    0.0000000    0.3961800
  CHARMM   -0.8288800   -0.5062461   -0.4777800   -0.3961800    0.0000000

****************
CBC-G2
****************
                      AMBER      GROMACS       LAMMPS      DESMOND       CHARMM
          Bond     30.5831000     30.5831496     30.5831500     30.5835608     30.5831500
         Angle    109.2753000    109.2753188    109.2753200    109.2746030    109.2749000
 All dihedrals     69.6058000     69.6056940     69.6056950     69.6056322     69.6092900
        Bonded    209.4642000    209.4641624    209.4641650    209.4637960    209.4673400
         LJ-14     40.1961000     40.1959501            n/a     40.1960529            n/a
    Coulomb-14    -19.9563000    -19.9569966            n/a    -19.9570931            n/a
 van der Waals   3017.0936000   3017.0822085   3017.0780000            n/a   3017.0878200
 Electrostatic -23970.2466000 -23971.0677835 -23971.1230000            n/a -23971.5803200
     Nonbonded -20953.1530000 -20953.9855750 -20954.0450000            n/a -20954.4925000
     Potential -20743.6888000 -20744.5214126 -20744.5780000 -20744.7014000 -20745.0251500

Bond energy differences
                AMBER      GROMACS       LAMMPS      DESMOND       CHARMM
   AMBER    0.0000000   -0.0000496   -0.0000500   -0.0004608   -0.0000500
 GROMACS    0.0000496    0.0000000   -0.0000004   -0.0004112   -0.0000004
  LAMMPS    0.0000500    0.0000004    0.0000000   -0.0004108    0.0000000
 DESMOND    0.0004608    0.0004112    0.0004108    0.0000000    0.0004108
  CHARMM    0.0000500    0.0000004    0.0000000   -0.0004108    0.0000000

Angle energy differences
                AMBER      GROMACS       LAMMPS      DESMOND       CHARMM
   AMBER    0.0000000   -0.0000188   -0.0000200    0.0006970    0.0004000
 GROMACS    0.0000188    0.0000000   -0.0000012    0.0007158    0.0004188
  LAMMPS    0.0000200    0.0000012    0.0000000    0.0007170    0.0004200
 DESMOND   -0.0006970   -0.0007158   -0.0007170    0.0000000   -0.0002970
  CHARMM   -0.0004000   -0.0004188   -0.0004200    0.0002970    0.0000000

All dihedrals energy differences
                AMBER      GROMACS       LAMMPS      DESMOND       CHARMM
   AMBER    0.0000000    0.0001060    0.0001050    0.0001678   -0.0034900
 GROMACS   -0.0001060    0.0000000   -0.0000010    0.0000618   -0.0035960
  LAMMPS   -0.0001050    0.0000010    0.0000000    0.0000628   -0.0035950
 DESMOND   -0.0001678   -0.0000618   -0.0000628    0.0000000   -0.0036578
  CHARMM    0.0034900    0.0035960    0.0035950    0.0036578    0.0000000

Bonded energy differences
                AMBER      GROMACS       LAMMPS      DESMOND       CHARMM
   AMBER    0.0000000    0.0000376    0.0000350    0.0004040   -0.0031400
 GROMACS   -0.0000376    0.0000000   -0.0000026    0.0003664   -0.0031776
  LAMMPS   -0.0000350    0.0000026    0.0000000    0.0003690   -0.0031750
 DESMOND   -0.0004040   -0.0003664   -0.0003690    0.0000000   -0.0035440
  CHARMM    0.0031400    0.0031776    0.0031750    0.0035440    0.0000000

LJ-14 energy differences
                AMBER      GROMACS       LAMMPS      DESMOND       CHARMM
   AMBER    0.0000000    0.0001499          n/a    0.0000471          n/a
 GROMACS   -0.0001499    0.0000000          n/a   -0.0001028          n/a
  LAMMPS          n/a          n/a          n/a          n/a          n/a
 DESMOND   -0.0000471    0.0001028          n/a    0.0000000          n/a
  CHARMM          n/a          n/a          n/a          n/a          n/a

Coulomb-14 energy differences
                AMBER      GROMACS       LAMMPS      DESMOND       CHARMM
   AMBER    0.0000000    0.0006966          n/a    0.0007931          n/a
 GROMACS   -0.0006966    0.0000000          n/a    0.0000965          n/a
  LAMMPS          n/a          n/a          n/a          n/a          n/a
 DESMOND   -0.0007931   -0.0000965          n/a    0.0000000          n/a
  CHARMM          n/a          n/a          n/a          n/a          n/a

van der Waals energy differences
                AMBER      GROMACS       LAMMPS      DESMOND       CHARMM
   AMBER    0.0000000    0.0113915    0.0156000          n/a    0.0057800
 GROMACS   -0.0113915    0.0000000    0.0042085          n/a   -0.0056115
  LAMMPS   -0.0156000   -0.0042085    0.0000000          n/a   -0.0098200
 DESMOND          n/a          n/a          n/a          n/a          n/a
  CHARMM   -0.0057800    0.0056115    0.0098200          n/a    0.0000000

Electrostatic energy differences
                AMBER      GROMACS       LAMMPS      DESMOND       CHARMM
   AMBER    0.0000000    0.8211835    0.8764000          n/a    1.3337200
 GROMACS   -0.8211835    0.0000000    0.0552165          n/a    0.5125365
  LAMMPS   -0.8764000   -0.0552165    0.0000000          n/a    0.4573200
 DESMOND          n/a          n/a          n/a          n/a          n/a
  CHARMM   -1.3337200   -0.5125365   -0.4573200          n/a    0.0000000

Nonbonded energy differences
                AMBER      GROMACS       LAMMPS      DESMOND       CHARMM
   AMBER    0.0000000    0.8325750    0.8920000          n/a    1.3395000
 GROMACS   -0.8325750    0.0000000    0.0594250          n/a    0.5069250
  LAMMPS   -0.8920000   -0.0594250    0.0000000          n/a    0.4475000
 DESMOND          n/a          n/a          n/a          n/a          n/a
  CHARMM   -1.3395000   -0.5069250   -0.4475000          n/a    0.0000000

Potential energy differences
                AMBER      GROMACS       LAMMPS      DESMOND       CHARMM
   AMBER    0.0000000    0.8326126    0.8892000    1.0126000    1.3363500
 GROMACS   -0.8326126    0.0000000    0.0565874    0.1799874    0.5037374
  LAMMPS   -0.8892000   -0.0565874    0.0000000    0.1234000    0.4471500
 DESMOND   -1.0126000   -0.1799874   -0.1234000    0.0000000    0.3237500
  CHARMM   -1.3363500   -0.5037374   -0.4471500   -0.3237500    0.0000000

****************
CBC-G3
****************
                      AMBER      GROMACS       LAMMPS      DESMOND       CHARMM
          Bond     27.1751000     27.1751436     27.1751440     27.1754201     27.1751400
         Angle    131.4169000    131.4169281    131.4169300    131.4167580    131.4164800
 All dihedrals     72.5569000     72.5568257     72.5568380     72.5566145     72.5609600
        Bonded    231.1489000    231.1488975    231.1489120    231.1487926    231.1525800
         LJ-14     39.7093000     39.7091880            n/a     39.7092309            n/a
    Coulomb-14     43.2644000     43.2659182            n/a     43.2658469            n/a
 van der Waals   2936.3224000   2936.2355233   2936.2311000            n/a   2936.3279100
 Electrostatic -23665.1497000 -23666.1222180 -23666.1980000            n/a -23666.7091600
     Nonbonded -20728.8273000 -20729.8866947 -20729.9669000            n/a -20730.3812500
     Potential -20497.6784000 -20498.7377972 -20498.8160000 -20498.7501000 -20499.2286500

Bond energy differences
                AMBER      GROMACS       LAMMPS      DESMOND       CHARMM
   AMBER    0.0000000   -0.0000436   -0.0000440   -0.0003201   -0.0000400
 GROMACS    0.0000436    0.0000000   -0.0000004   -0.0002765    0.0000036
  LAMMPS    0.0000440    0.0000004    0.0000000   -0.0002761    0.0000040
 DESMOND    0.0003201    0.0002765    0.0002761    0.0000000    0.0002801
  CHARMM    0.0000400   -0.0000036   -0.0000040   -0.0002801    0.0000000

Angle energy differences
                AMBER      GROMACS       LAMMPS      DESMOND       CHARMM
   AMBER    0.0000000   -0.0000281   -0.0000300    0.0001420    0.0004200
 GROMACS    0.0000281    0.0000000   -0.0000019    0.0001702    0.0004481
  LAMMPS    0.0000300    0.0000019    0.0000000    0.0001720    0.0004500
 DESMOND   -0.0001420   -0.0001702   -0.0001720    0.0000000    0.0002780
  CHARMM   -0.0004200   -0.0004481   -0.0004500   -0.0002780    0.0000000

All dihedrals energy differences
                AMBER      GROMACS       LAMMPS      DESMOND       CHARMM
   AMBER    0.0000000    0.0000743    0.0000620    0.0002855   -0.0040600
 GROMACS   -0.0000743    0.0000000   -0.0000123    0.0002112   -0.0041343
  LAMMPS   -0.0000620    0.0000123    0.0000000    0.0002235   -0.0041220
 DESMOND   -0.0002855   -0.0002112   -0.0002235    0.0000000   -0.0043455
  CHARMM    0.0040600    0.0041343    0.0041220    0.0043455    0.0000000

Bonded energy differences
                AMBER      GROMACS       LAMMPS      DESMOND       CHARMM
   AMBER    0.0000000    0.0000025   -0.0000120    0.0001074   -0.0036800
 GROMACS   -0.0000025    0.0000000   -0.0000145    0.0001049   -0.0036825
  LAMMPS    0.0000120    0.0000145    0.0000000    0.0001194   -0.0036680
 DESMOND   -0.0001074   -0.0001049   -0.0001194    0.0000000   -0.0037874
  CHARMM    0.0036800    0.0036825    0.0036680    0.0037874    0.0000000

LJ-14 energy differences
                AMBER      GROMACS       LAMMPS      DESMOND       CHARMM
   AMBER    0.0000000    0.0001120          n/a    0.0000691          n/a
 GROMACS   -0.0001120    0.0000000          n/a   -0.0000430          n/a
  LAMMPS          n/a          n/a          n/a          n/a          n/a
 DESMOND   -0.0000691    0.0000430          n/a    0.0000000          n/a
  CHARMM          n/a          n/a          n/a          n/a          n/a

Coulomb-14 energy differences
                AMBER      GROMACS       LAMMPS      DESMOND       CHARMM
   AMBER    0.0000000   -0.0015182          n/a   -0.0014469          n/a
 GROMACS    0.0015182    0.0000000          n/a    0.0000713          n/a
  LAMMPS          n/a          n/a          n/a          n/a          n/a
 DESMOND    0.0014469   -0.0000713          n/a    0.0000000          n/a
  CHARMM          n/a          n/a          n/a          n/a          n/a

van der Waals energy differences
                AMBER      GROMACS       LAMMPS      DESMOND       CHARMM
   AMBER    0.0000000    0.0868767    0.0913000          n/a   -0.0055100
 GROMACS   -0.0868767    0.0000000    0.0044233          n/a   -0.0923867
  LAMMPS   -0.0913000   -0.0044233    0.0000000          n/a   -0.0968100
 DESMOND          n/a          n/a          n/a          n/a          n/a
  CHARMM    0.0055100    0.0923867    0.0968100          n/a    0.0000000

Electrostatic energy differences
                AMBER      GROMACS       LAMMPS      DESMOND       CHARMM
   AMBER    0.0000000    0.9725180    1.0483000          n/a    1.5594600
 GROMACS   -0.9725180    0.0000000    0.0757820          n/a    0.5869420
  LAMMPS   -1.0483000   -0.0757820    0.0000000          n/a    0.5111600
 DESMOND          n/a          n/a          n/a          n/a          n/a
  CHARMM   -1.5594600   -0.5869420   -0.5111600          n/a    0.0000000

Nonbonded energy differences
                AMBER      GROMACS       LAMMPS      DESMOND       CHARMM
   AMBER    0.0000000    1.0593947    1.1396000          n/a    1.5539500
 GROMACS   -1.0593947    0.0000000    0.0802053          n/a    0.4945553
  LAMMPS   -1.1396000   -0.0802053    0.0000000          n/a    0.4143500
 DESMOND          n/a          n/a          n/a          n/a          n/a
  CHARMM   -1.5539500   -0.4945553   -0.4143500          n/a    0.0000000

Potential energy differences
                AMBER      GROMACS       LAMMPS      DESMOND       CHARMM
   AMBER    0.0000000    1.0593972    1.1376000    1.0717000    1.5502500
 GROMACS   -1.0593972    0.0000000    0.0782028    0.0123028    0.4908528
  LAMMPS   -1.1376000   -0.0782028    0.0000000   -0.0659000    0.4126500
 DESMOND   -1.0717000   -0.0123028    0.0659000    0.0000000    0.4785500
  CHARMM   -1.5502500   -0.4908528   -0.4126500   -0.4785500    0.0000000

****************
CBC-G4
****************
                      AMBER      GROMACS       LAMMPS      DESMOND       CHARMM
          Bond     41.2239000     41.2239148     41.2239150     41.2231999     41.2239100
         Angle    111.3790000    111.3789764    111.3789800    111.3788580    111.3786300
 All dihedrals     72.7377000     72.7376266     72.7376260     72.7376334     72.7411300
        Bonded    225.3406000    225.3405179    225.3405210    225.3396913    225.3436700
         LJ-14     50.6664000     50.6662779            n/a     50.6662588            n/a
    Coulomb-14   -192.6630000   -192.6696176            n/a   -192.6696900            n/a
 van der Waals   3056.6283000   3056.5073478   3056.5027000            n/a   3056.6307100
 Electrostatic -24136.1799000 -24137.0064930 -24137.0740000            n/a -24137.6503600
     Nonbonded -21079.5516000 -21080.4991452 -21080.5713000            n/a -21081.0196500
     Potential -20854.2110000 -20855.1586273 -20855.2320000 -20855.3911000 -20855.6759700

Bond energy differences
                AMBER      GROMACS       LAMMPS      DESMOND       CHARMM
   AMBER    0.0000000   -0.0000148   -0.0000150    0.0007001   -0.0000100
 GROMACS    0.0000148    0.0000000   -0.0000001    0.0007150    0.0000049
  LAMMPS    0.0000150    0.0000001    0.0000000    0.0007151    0.0000050
 DESMOND   -0.0007001   -0.0007150   -0.0007151    0.0000000   -0.0007101
  CHARMM    0.0000100   -0.0000049   -0.0000050    0.0007101    0.0000000

Angle energy differences
                AMBER      GROMACS       LAMMPS      DESMOND       CHARMM
   AMBER    0.0000000    0.0000236    0.0000200    0.0001420    0.0003700
 GROMACS   -0.0000236    0.0000000   -0.0000036    0.0001184    0.0003464
  LAMMPS   -0.0000200    0.0000036    0.0000000    0.0001220    0.0003500
 DESMOND   -0.0001420   -0.0001184   -0.0001220    0.0000000    0.0002280
  CHARMM   -0.0003700   -0.0003464   -0.0003500   -0.0002280    0.0000000

All dihedrals energy differences
                AMBER      GROMACS       LAMMPS      DESMOND       CHARMM
   AMBER    0.0000000    0.0000734    0.0000740    0.0000666   -0.0034300
 GROMACS   -0.0000734    0.0000000    0.0000006   -0.0000068   -0.0035034
  LAMMPS   -0.0000740   -0.0000006    0.0000000   -0.0000074   -0.0035040
 DESMOND   -0.0000666    0.0000068    0.0000074    0.0000000   -0.0034966
  CHARMM    0.0034300    0.0035034    0.0035040    0.0034966    0.0000000

Bonded energy differences
                AMBER      GROMACS       LAMMPS      DESMOND       CHARMM
   AMBER    0.0000000    0.0000821    0.0000790    0.0009087   -0.0030700
 GROMACS   -0.0000821    0.0000000   -0.0000031    0.0008266   -0.0031521
  LAMMPS   -0.0000790    0.0000031    0.0000000    0.0008297   -0.0031490
 DESMOND   -0.0009087   -0.0008266   -0.0008297    0.0000000   -0.0039787
  CHARMM    0.0030700    0.0031521    0.0031490    0.0039787    0.0000000

LJ-14 energy differences
                AMBER      GROMACS       LAMMPS      DESMOND       CHARMM
   AMBER    0.0000000    0.0001221          n/a    0.0001412          n/a
 GROMACS   -0.0001221    0.0000000          n/a    0.0000191          n/a
  LAMMPS          n/a          n/a          n/a          n/a          n/a
 DESMOND   -0.0001412   -0.0000191          n/a    0.0000000          n/a
  CHARMM          n/a          n/a          n/a          n/a          n/a

Coulomb-14 energy differences
                AMBER      GROMACS       LAMMPS      DESMOND       CHARMM
   AMBER    0.0000000    0.0066176          n/a    0.0066900          n/a
 GROMACS   -0.0066176    0.0000000          n/a    0.0000724          n/a
  LAMMPS          n/a          n/a          n/a          n/a          n/a
 DESMOND   -0.0066900   -0.0000724          n/a    0.0000000          n/a
  CHARMM          n/a          n/a          n/a          n/a          n/a

van der Waals energy differences
                AMBER      GROMACS       LAMMPS      DESMOND       CHARMM
   AMBER    0.0000000    0.1209522    0.1256000          n/a   -0.0024100
 GROMACS   -0.1209522    0.0000000    0.0046478          n/a   -0.1233622
  LAMMPS   -0.1256000   -0.0046478    0.0000000          n/a   -0.1280100
 DESMOND          n/a          n/a          n/a          n/a          n/a
  CHARMM    0.0024100    0.1233622    0.1280100          n/a    0.0000000

Electrostatic energy differences
                AMBER      GROMACS       LAMMPS      DESMOND       CHARMM
   AMBER    0.0000000    0.8265930    0.8941000          n/a    1.4704600
 GROMACS   -0.8265930    0.0000000    0.0675070          n/a    0.6438670
  LAMMPS   -0.8941000   -0.0675070    0.0000000          n/a    0.5763600
 DESMOND          n/a          n/a          n/a          n/a          n/a
  CHARMM   -1.4704600   -0.6438670   -0.5763600          n/a    0.0000000

Nonbonded energy differences
                AMBER      GROMACS       LAMMPS      DESMOND       CHARMM
   AMBER    0.0000000    0.9475452    1.0197000          n/a    1.4680500
 GROMACS   -0.9475452    0.0000000    0.0721548          n/a    0.5205048
  LAMMPS   -1.0197000   -0.0721548    0.0000000          n/a    0.4483500
 DESMOND          n/a          n/a          n/a          n/a          n/a
  CHARMM   -1.4680500   -0.5205048   -0.4483500          n/a    0.0000000

Potential energy differences
                AMBER      GROMACS       LAMMPS      DESMOND       CHARMM
   AMBER    0.0000000    0.9476273    1.0210000    1.1801000    1.4649700
 GROMACS   -0.9476273    0.0000000    0.0733727    0.2324727    0.5173427
  LAMMPS   -1.0210000   -0.0733727    0.0000000    0.1591000    0.4439700
 DESMOND   -1.1801000   -0.2324727   -0.1591000    0.0000000    0.2848700
  CHARMM   -1.4649700   -0.5173427   -0.4439700   -0.2848700    0.0000000

****************
CBC-G5
****************
                      AMBER      GROMACS       LAMMPS      DESMOND       CHARMM
          Bond     35.3521000     35.3521217     35.3521220     35.3525912     35.3521200
         Angle    120.6785000    120.6785512    120.6785500    120.6782390    120.6782000
 All dihedrals     73.5783000     73.5781978     73.5781940     73.5780810     73.5814100
        Bonded    229.6089000    229.6088706    229.6088660    229.6089112    229.6117300
         LJ-14     54.2804000     54.2803003            n/a     54.2803903            n/a
    Coulomb-14    -60.9676000    -60.9696465            n/a    -60.9696904            n/a
 van der Waals   2988.4319000   2988.3313135   2988.3264000            n/a   2988.4273800
 Electrostatic -23969.3361000 -23969.8670286 -23969.9110000            n/a -23970.4781000
     Nonbonded -20980.9042000 -20981.5357151 -20981.5846000            n/a -20982.0507200
     Potential -20751.2953000 -20751.9268445 -20751.9790000 -20752.1938000 -20752.4390100

Bond energy differences
                AMBER      GROMACS       LAMMPS      DESMOND       CHARMM
   AMBER    0.0000000   -0.0000217   -0.0000220   -0.0004912   -0.0000200
 GROMACS    0.0000217    0.0000000   -0.0000003   -0.0004695    0.0000017
  LAMMPS    0.0000220    0.0000003    0.0000000   -0.0004692    0.0000020
 DESMOND    0.0004912    0.0004695    0.0004692    0.0000000    0.0004712
  CHARMM    0.0000200   -0.0000017   -0.0000020   -0.0004712    0.0000000

Angle energy differences
                AMBER      GROMACS       LAMMPS      DESMOND       CHARMM
   AMBER    0.0000000   -0.0000512   -0.0000500    0.0002610    0.0003000
 GROMACS    0.0000512    0.0000000    0.0000012    0.0003122    0.0003512
  LAMMPS    0.0000500   -0.0000012    0.0000000    0.0003110    0.0003500
 DESMOND   -0.0002610   -0.0003122   -0.0003110    0.0000000    0.0000390
  CHARMM   -0.0003000   -0.0003512   -0.0003500   -0.0000390    0.0000000

All dihedrals energy differences
                AMBER      GROMACS       LAMMPS      DESMOND       CHARMM
   AMBER    0.0000000    0.0001022    0.0001060    0.0002190   -0.0031100
 GROMACS   -0.0001022    0.0000000    0.0000038    0.0001168   -0.0032122
  LAMMPS   -0.0001060   -0.0000038    0.0000000    0.0001130   -0.0032160
 DESMOND   -0.0002190   -0.0001168   -0.0001130    0.0000000   -0.0033290
  CHARMM    0.0031100    0.0032122    0.0032160    0.0033290    0.0000000

Bonded energy differences
                AMBER      GROMACS       LAMMPS      DESMOND       CHARMM
   AMBER    0.0000000    0.0000294    0.0000340   -0.0000112   -0.0028300
 GROMACS   -0.0000294    0.0000000    0.0000046   -0.0000406   -0.0028594
  LAMMPS   -0.0000340   -0.0000046    0.0000000   -0.0000452   -0.0028640
 DESMOND    0.0000112    0.0000406    0.0000452    0.0000000   -0.0028188
  CHARMM    0.0028300    0.0028594    0.0028640    0.0028188    0.0000000

LJ-14 energy differences
                AMBER      GROMACS       LAMMPS      DESMOND       CHARMM
   AMBER    0.0000000    0.0000997          n/a    0.0000097          n/a
 GROMACS   -0.0000997    0.0000000          n/a   -0.0000900          n/a
  LAMMPS          n/a          n/a          n/a          n/a          n/a
 DESMOND   -0.0000097    0.0000900          n/a    0.0000000          n/a
  CHARMM          n/a          n/a          n/a          n/a          n/a

Coulomb-14 energy differences
                AMBER      GROMACS       LAMMPS      DESMOND       CHARMM
   AMBER    0.0000000    0.0020465          n/a    0.0020904          n/a
 GROMACS   -0.0020465    0.0000000          n/a    0.0000439          n/a
  LAMMPS          n/a          n/a          n/a          n/a          n/a
 DESMOND   -0.0020904   -0.0000439          n/a    0.0000000          n/a
  CHARMM          n/a          n/a          n/a          n/a          n/a

van der Waals energy differences
                AMBER      GROMACS       LAMMPS      DESMOND       CHARMM
   AMBER    0.0000000    0.1005865    0.1055000          n/a    0.0045200
 GROMACS   -0.1005865    0.0000000    0.0049135          n/a   -0.0960665
  LAMMPS   -0.1055000   -0.0049135    0.0000000          n/a   -0.1009800
 DESMOND          n/a          n/a          n/a          n/a          n/a
  CHARMM   -0.0045200    0.0960665    0.1009800          n/a    0.0000000

Electrostatic energy differences
                AMBER      GROMACS       LAMMPS      DESMOND       CHARMM
   AMBER    0.0000000    0.5309286    0.5749000          n/a    1.1420000
 GROMACS   -0.5309286    0.0000000    0.0439714          n/a    0.6110714
  LAMMPS   -0.5749000   -0.0439714    0.0000000          n/a    0.5671000
 DESMOND          n/a          n/a          n/a          n/a          n/a
  CHARMM   -1.1420000   -0.6110714   -0.5671000          n/a    0.0000000

Nonbonded energy differences
                AMBER      GROMACS       LAMMPS      DESMOND       CHARMM
   AMBER    0.0000000    0.6315151    0.6804000          n/a    1.1465200
 GROMACS   -0.6315151    0.0000000    0.0488849          n/a    0.5150049
  LAMMPS   -0.6804000   -0.0488849    0.0000000          n/a    0.4661200
 DESMOND          n/a          n/a          n/a          n/a          n/a
  CHARMM   -1.1465200   -0.5150049   -0.4661200          n/a    0.0000000

Potential energy differences
                AMBER      GROMACS       LAMMPS      DESMOND       CHARMM
   AMBER    0.0000000    0.6315444    0.6837000    0.8985000    1.1437100
 GROMACS   -0.6315444    0.0000000    0.0521555    0.2669555    0.5121655
  LAMMPS   -0.6837000   -0.0521555    0.0000000    0.2148000    0.4600100
 DESMOND   -0.8985000   -0.2669555   -0.2148000    0.0000000    0.2452100
  CHARMM   -1.1437100   -0.5121655   -0.4600100   -0.2452100    0.0000000

****************
CBC-G6
****************
                      AMBER      GROMACS       LAMMPS      DESMOND       CHARMM
          Bond     38.2150000     38.2150080     38.2150080     38.2160964     38.2150100
         Angle    119.9128000    119.9128364    119.9128400    119.9126570    119.9123300
 All dihedrals     80.0268000     80.0267171     80.0267290     80.0269114     80.0307500
        Bonded    238.1546000    238.1545615    238.1545770    238.1556648    238.1580900
         LJ-14     62.5586000     62.5585552            n/a     62.5585846            n/a
    Coulomb-14    -35.1057000    -35.1068559            n/a    -35.1068287            n/a
 van der Waals   3063.6191000   3063.5187211   3063.5134000            n/a   3063.6309600
 Electrostatic -24024.2047000 -24024.8991257 -24024.9570000            n/a -24025.5124800
     Nonbonded -20960.5856000 -20961.3804046 -20961.4436000            n/a -20961.8815200
     Potential -20722.4310000 -20723.2258431 -20723.2860000 -20723.3130000 -20723.7234300

Bond energy differences
                AMBER      GROMACS       LAMMPS      DESMOND       CHARMM
   AMBER    0.0000000   -0.0000079   -0.0000080   -0.0010964   -0.0000100
 GROMACS    0.0000079    0.0000000   -0.0000000   -0.0010884   -0.0000020
  LAMMPS    0.0000080    0.0000000    0.0000000   -0.0010884   -0.0000020
 DESMOND    0.0010964    0.0010884    0.0010884    0.0000000    0.0010864
  CHARMM    0.0000100    0.0000020    0.0000020   -0.0010864    0.0000000

Angle energy differences
                AMBER      GROMACS       LAMMPS      DESMOND       CHARMM
   AMBER    0.0000000   -0.0000364   -0.0000400    0.0001430    0.0004700
 GROMACS    0.0000364    0.0000000   -0.0000036    0.0001794    0.0005064
  LAMMPS    0.0000400    0.0000036    0.0000000    0.0001830    0.0005100
 DESMOND   -0.0001430   -0.0001794   -0.0001830    0.0000000    0.0003270
  CHARMM   -0.0004700   -0.0005064   -0.0005100   -0.0003270    0.0000000

All dihedrals energy differences
                AMBER      GROMACS       LAMMPS      DESMOND       CHARMM
   AMBER    0.0000000    0.0000829    0.0000710   -0.0001114   -0.0039500
 GROMACS   -0.0000829    0.0000000   -0.0000119   -0.0001943   -0.0040329
  LAMMPS   -0.0000710    0.0000119    0.0000000   -0.0001824   -0.0040210
 DESMOND    0.0001114    0.0001943    0.0001824    0.0000000   -0.0038386
  CHARMM    0.0039500    0.0040329    0.0040210    0.0038386    0.0000000

Bonded energy differences
                AMBER      GROMACS       LAMMPS      DESMOND       CHARMM
   AMBER    0.0000000    0.0000385    0.0000230   -0.0010648   -0.0034900
 GROMACS   -0.0000385    0.0000000   -0.0000155   -0.0011033   -0.0035285
  LAMMPS   -0.0000230    0.0000155    0.0000000   -0.0010878   -0.0035130
 DESMOND    0.0010648    0.0011033    0.0010878    0.0000000   -0.0024252
  CHARMM    0.0034900    0.0035285    0.0035130    0.0024252    0.0000000

LJ-14 energy differences
                AMBER      GROMACS       LAMMPS      DESMOND       CHARMM
   AMBER    0.0000000    0.0000448          n/a    0.0000154          n/a
 GROMACS   -0.0000448    0.0000000          n/a   -0.0000294          n/a
  LAMMPS          n/a          n/a          n/a          n/a          n/a
 DESMOND   -0.0000154    0.0000294          n/a    0.0000000          n/a
  CHARMM          n/a          n/a          n/a          n/a          n/a

Coulomb-14 energy differences
                AMBER      GROMACS       LAMMPS      DESMOND       CHARMM
   AMBER    0.0000000    0.0011559          n/a    0.0011287          n/a
 GROMACS   -0.0011559    0.0000000          n/a   -0.0000272          n/a
  LAMMPS          n/a          n/a          n/a          n/a          n/a
 DESMOND   -0.0011287    0.0000272          n/a    0.0000000          n/a
  CHARMM          n/a          n/a          n/a          n/a          n/a

van der Waals energy differences
                AMBER      GROMACS       LAMMPS      DESMOND       CHARMM
   AMBER    0.0000000    0.1003789    0.1057000          n/a   -0.0118600
 GROMACS   -0.1003789    0.0000000    0.0053211          n/a   -0.1122389
  LAMMPS   -0.1057000   -0.0053211    0.0000000          n/a   -0.1175600
 DESMOND          n/a          n/a          n/a          n/a          n/a
  CHARMM    0.0118600    0.1122389    0.1175600          n/a    0.0000000

Electrostatic energy differences
                AMBER      GROMACS       LAMMPS      DESMOND       CHARMM
   AMBER    0.0000000    0.6944257    0.7523000          n/a    1.3077800
 GROMACS   -0.6944257    0.0000000    0.0578743          n/a    0.6133543
  LAMMPS   -0.7523000   -0.0578743    0.0000000          n/a    0.5554800
 DESMOND          n/a          n/a          n/a          n/a          n/a
  CHARMM   -1.3077800   -0.6133543   -0.5554800          n/a    0.0000000

Nonbonded energy differences
                AMBER      GROMACS       LAMMPS      DESMOND       CHARMM
   AMBER    0.0000000    0.7948046    0.8580000          n/a    1.2959200
 GROMACS   -0.7948046    0.0000000    0.0631954          n/a    0.5011154
  LAMMPS   -0.8580000   -0.0631954    0.0000000          n/a    0.4379200
 DESMOND          n/a          n/a          n/a          n/a          n/a
  CHARMM   -1.2959200   -0.5011154   -0.4379200          n/a    0.0000000

Potential energy differences
                AMBER      GROMACS       LAMMPS      DESMOND       CHARMM
