
****************
CBC-G1
****************
                      AMBER      GROMACS       LAMMPS      DESMOND       CHARMM
          Bond     36.5212000     36.5211552     36.5211550     36.5207362     36.5211600
         Angle    113.5427000    113.5427213    113.5427200    113.5425820    113.5423300
 All dihedrals     67.7460000     67.7459272     67.7459290     67.7459798     67.7494200
        Bonded    217.8099000    217.8098037    217.8098040    217.8092980    217.8129100
         LJ-14     43.8416000     43.8415720            n/a     43.8416774            n/a
    Coulomb-14      0.8189000      0.8189040            n/a      0.8189810            n/a
 van der Waals   2921.5094000   2921.3183632   2921.5346000            n/a   2921.5436000
 Electrostatic -23992.6940000 -23993.7338425 -23993.5600000            n/a -23994.3801600
     Nonbonded -21071.1846000 -21072.4154794 -21072.0254000            n/a -21072.8365600
     Potential -20853.3747000 -20854.6056757 -20854.2240000 -20855.9496000 -20855.0236500

Bond energy differences
                AMBER      GROMACS       LAMMPS      DESMOND       CHARMM
   AMBER    0.0000000    0.0000448    0.0000450    0.0004638    0.0000400
 GROMACS   -0.0000448    0.0000000    0.0000002    0.0004190   -0.0000048
  LAMMPS   -0.0000450   -0.0000002    0.0000000    0.0004188   -0.0000050
 DESMOND   -0.0004638   -0.0004190   -0.0004188    0.0000000   -0.0004238
  CHARMM   -0.0000400    0.0000048    0.0000050    0.0004238    0.0000000

Angle energy differences
                AMBER      GROMACS       LAMMPS      DESMOND       CHARMM
   AMBER    0.0000000   -0.0000213   -0.0000200    0.0001180    0.0003700
 GROMACS    0.0000213    0.0000000    0.0000013    0.0001393    0.0003913
  LAMMPS    0.0000200   -0.0000013    0.0000000    0.0001380    0.0003900
 DESMOND   -0.0001180   -0.0001393   -0.0001380    0.0000000    0.0002520
  CHARMM   -0.0003700   -0.0003913   -0.0003900   -0.0002520    0.0000000

All dihedrals energy differences
                AMBER      GROMACS       LAMMPS      DESMOND       CHARMM
   AMBER    0.0000000    0.0000728    0.0000710    0.0000202   -0.0034200
 GROMACS   -0.0000728    0.0000000   -0.0000018   -0.0000526   -0.0034928
  LAMMPS   -0.0000710    0.0000018    0.0000000   -0.0000508   -0.0034910
 DESMOND   -0.0000202    0.0000526    0.0000508    0.0000000   -0.0034402
  CHARMM    0.0034200    0.0034928    0.0034910    0.0034402    0.0000000

Bonded energy differences
                AMBER      GROMACS       LAMMPS      DESMOND       CHARMM
   AMBER    0.0000000    0.0000963    0.0000960    0.0006020   -0.0030100
 GROMACS   -0.0000963    0.0000000   -0.0000003    0.0005057   -0.0031063
  LAMMPS   -0.0000960    0.0000003    0.0000000    0.0005060   -0.0031060
 DESMOND   -0.0006020   -0.0005057   -0.0005060    0.0000000   -0.0036120
  CHARMM    0.0030100    0.0031063    0.0031060    0.0036120    0.0000000

LJ-14 energy differences
                AMBER      GROMACS       LAMMPS      DESMOND       CHARMM
   AMBER    0.0000000    0.0000280          n/a   -0.0000774          n/a
 GROMACS   -0.0000280    0.0000000          n/a   -0.0001054          n/a
  LAMMPS          n/a          n/a          n/a          n/a          n/a
 DESMOND    0.0000774    0.0001054          n/a    0.0000000          n/a
  CHARMM          n/a          n/a          n/a          n/a          n/a

Coulomb-14 energy differences
                AMBER      GROMACS       LAMMPS      DESMOND       CHARMM
   AMBER    0.0000000   -0.0000040          n/a   -0.0000810          n/a
 GROMACS    0.0000040    0.0000000          n/a   -0.0000770          n/a
  LAMMPS          n/a          n/a          n/a          n/a          n/a
 DESMOND    0.0000810    0.0000770          n/a    0.0000000          n/a
  CHARMM          n/a          n/a          n/a          n/a          n/a

van der Waals energy differences
                AMBER      GROMACS       LAMMPS      DESMOND       CHARMM
   AMBER    0.0000000    0.1910368   -0.0252000          n/a   -0.0342000
 GROMACS   -0.1910368    0.0000000   -0.2162368          n/a   -0.2252368
  LAMMPS    0.0252000    0.2162368    0.0000000          n/a   -0.0090000
 DESMOND          n/a          n/a          n/a          n/a          n/a
  CHARMM    0.0342000    0.2252368    0.0090000          n/a    0.0000000

Electrostatic energy differences
                AMBER      GROMACS       LAMMPS      DESMOND       CHARMM
   AMBER    0.0000000    1.0398425    0.8660000          n/a    1.6861600
 GROMACS   -1.0398425    0.0000000   -0.1738425          n/a    0.6463175
  LAMMPS   -0.8660000    0.1738425    0.0000000          n/a    0.8201600
 DESMOND          n/a          n/a          n/a          n/a          n/a
  CHARMM   -1.6861600   -0.6463175   -0.8201600          n/a    0.0000000

Nonbonded energy differences
                AMBER      GROMACS       LAMMPS      DESMOND       CHARMM
   AMBER    0.0000000    1.2308794    0.8408000          n/a    1.6519600
 GROMACS   -1.2308794    0.0000000   -0.3900794          n/a    0.4210806
  LAMMPS   -0.8408000    0.3900794    0.0000000          n/a    0.8111600
 DESMOND          n/a          n/a          n/a          n/a          n/a
  CHARMM   -1.6519600   -0.4210806   -0.8111600          n/a    0.0000000

Potential energy differences
                AMBER      GROMACS       LAMMPS      DESMOND       CHARMM
   AMBER    0.0000000    1.2309757    0.8493000    2.5749000    1.6489500
 GROMACS   -1.2309757    0.0000000   -0.3816757    1.3439243    0.4179743
  LAMMPS   -0.8493000    0.3816757    0.0000000    1.7256000    0.7996500
 DESMOND   -2.5749000   -1.3439243   -1.7256000    0.0000000   -0.9259500
  CHARMM   -1.6489500   -0.4179743   -0.7996500    0.9259500    0.0000000

****************
CBC-G10
****************
                      AMBER      GROMACS       LAMMPS      DESMOND       CHARMM
          Bond     42.6187000     42.6187409     42.6187410     42.6195408     42.6187400
         Angle    132.0880000    132.0880402    132.0880400    132.0879150    132.0878200
 All dihedrals     78.1154000     78.1153403     78.1153280     78.1152650     78.1186000
        Bonded    252.8221000    252.8221213    252.8221090    252.8227208    252.8251600
         LJ-14     48.2048000     48.2046726            n/a     48.2046705            n/a
    Coulomb-14    -26.6324000    -26.6333180            n/a    -26.6332076            n/a
 van der Waals   2987.0402000   2986.6628188   2987.0128000            n/a   2986.8100300
 Electrostatic -24027.3082000 -24028.1083708 -24027.9800000            n/a -24028.8120600
     Nonbonded -21040.2680000 -21041.4455521 -21040.9672000            n/a -21042.0020300
     Potential -20787.4459000 -20788.6234308 -20788.1420000 -20789.0692000 -20789.1768500

Bond energy differences
                AMBER      GROMACS       LAMMPS      DESMOND       CHARMM
   AMBER    0.0000000   -0.0000409   -0.0000410   -0.0008408   -0.0000400
 GROMACS    0.0000409    0.0000000   -0.0000001   -0.0007999    0.0000009
  LAMMPS    0.0000410    0.0000001    0.0000000   -0.0007998    0.0000010
 DESMOND    0.0008408    0.0007999    0.0007998    0.0000000    0.0008008
  CHARMM    0.0000400   -0.0000009   -0.0000010   -0.0008008    0.0000000

Angle energy differences
                AMBER      GROMACS       LAMMPS      DESMOND       CHARMM
   AMBER    0.0000000   -0.0000402   -0.0000400    0.0000850    0.0001800
 GROMACS    0.0000402    0.0000000    0.0000002    0.0001252    0.0002202
  LAMMPS    0.0000400   -0.0000002    0.0000000    0.0001250    0.0002200
 DESMOND   -0.0000850   -0.0001252   -0.0001250    0.0000000    0.0000950
  CHARMM   -0.0001800   -0.0002202   -0.0002200   -0.0000950    0.0000000

All dihedrals energy differences
                AMBER      GROMACS       LAMMPS      DESMOND       CHARMM
   AMBER    0.0000000    0.0000597    0.0000720    0.0001350   -0.0032000
 GROMACS   -0.0000597    0.0000000    0.0000123    0.0000753   -0.0032597
  LAMMPS   -0.0000720   -0.0000123    0.0000000    0.0000630   -0.0032720
 DESMOND   -0.0001350   -0.0000753   -0.0000630    0.0000000   -0.0033350
  CHARMM    0.0032000    0.0032597    0.0032720    0.0033350    0.0000000

Bonded energy differences
                AMBER      GROMACS       LAMMPS      DESMOND       CHARMM
   AMBER    0.0000000   -0.0000213   -0.0000090   -0.0006208   -0.0030600
 GROMACS    0.0000213    0.0000000    0.0000123   -0.0005995   -0.0030387
  LAMMPS    0.0000090   -0.0000123    0.0000000   -0.0006118   -0.0030510
 DESMOND    0.0006208    0.0005995    0.0006118    0.0000000   -0.0024392
  CHARMM    0.0030600    0.0030387    0.0030510    0.0024392    0.0000000

LJ-14 energy differences
                AMBER      GROMACS       LAMMPS      DESMOND       CHARMM
   AMBER    0.0000000    0.0001274          n/a    0.0001295          n/a
 GROMACS   -0.0001274    0.0000000          n/a    0.0000021          n/a
  LAMMPS          n/a          n/a          n/a          n/a          n/a
 DESMOND   -0.0001295   -0.0000021          n/a    0.0000000          n/a
  CHARMM          n/a          n/a          n/a          n/a          n/a

Coulomb-14 energy differences
                AMBER      GROMACS       LAMMPS      DESMOND       CHARMM
   AMBER    0.0000000    0.0009180          n/a    0.0008076          n/a
 GROMACS   -0.0009180    0.0000000          n/a   -0.0001104          n/a
  LAMMPS          n/a          n/a          n/a          n/a          n/a
 DESMOND   -0.0008076    0.0001104          n/a    0.0000000          n/a
  CHARMM          n/a          n/a          n/a          n/a          n/a

van der Waals energy differences
                AMBER      GROMACS       LAMMPS      DESMOND       CHARMM
   AMBER    0.0000000    0.3773812    0.0274000          n/a    0.2301700
 GROMACS   -0.3773812    0.0000000   -0.3499812          n/a   -0.1472113
  LAMMPS   -0.0274000    0.3499812    0.0000000          n/a    0.2027700
 DESMOND          n/a          n/a          n/a          n/a          n/a
  CHARMM   -0.2301700    0.1472113   -0.2027700          n/a    0.0000000

Electrostatic energy differences
                AMBER      GROMACS       LAMMPS      DESMOND       CHARMM
   AMBER    0.0000000    0.8001708    0.6718000          n/a    1.5038600
 GROMACS   -0.8001708    0.0000000   -0.1283708          n/a    0.7036892
  LAMMPS   -0.6718000    0.1283708    0.0000000          n/a    0.8320600
 DESMOND          n/a          n/a          n/a          n/a          n/a
  CHARMM   -1.5038600   -0.7036892   -0.8320600          n/a    0.0000000

Nonbonded energy differences
                AMBER      GROMACS       LAMMPS      DESMOND       CHARMM
   AMBER    0.0000000    1.1775521    0.6992000          n/a    1.7340300
 GROMACS   -1.1775521    0.0000000   -0.4783521          n/a    0.5564779
  LAMMPS   -0.6992000    0.4783521    0.0000000          n/a    1.0348300
 DESMOND          n/a          n/a          n/a          n/a          n/a
  CHARMM   -1.7340300   -0.5564779   -1.0348300          n/a    0.0000000

Potential energy differences
                AMBER      GROMACS       LAMMPS      DESMOND       CHARMM
   AMBER    0.0000000    1.1775308    0.6961000    1.6233000    1.7309500
 GROMACS   -1.1775308    0.0000000   -0.4814308    0.4457693    0.5534192
  LAMMPS   -0.6961000    0.4814308    0.0000000    0.9272000    1.0348500
 DESMOND   -1.6233000   -0.4457693   -0.9272000    0.0000000    0.1076500
  CHARMM   -1.7309500   -0.5534192   -1.0348500   -0.1076500    0.0000000

****************
CBC-G2
****************
                      AMBER      GROMACS       LAMMPS      DESMOND       CHARMM
          Bond     30.5831000     30.5831496     30.5831500     30.5835608     30.5831500
         Angle    109.2753000    109.2753188    109.2753200    109.2746030    109.2749000
 All dihedrals     69.6058000     69.6056940     69.6056950     69.6056322     69.6092900
        Bonded    209.4642000    209.4641624    209.4641650    209.4637960    209.4673400
         LJ-14     40.1961000     40.1959501            n/a     40.1960529            n/a
    Coulomb-14    -19.9563000    -19.9569966            n/a    -19.9570931            n/a
 van der Waals   3017.3636000   3017.0975781   3017.4266000            n/a   3017.0845700
 Electrostatic -23970.3446000 -23971.2967830 -23971.0800000            n/a -23971.8428700
     Nonbonded -20952.9810000 -20954.1992049 -20953.6534000            n/a -20954.7583000
     Potential -20743.5168000 -20744.7350425 -20744.1920000 -20745.6663000 -20745.2909700

Bond energy differences
                AMBER      GROMACS       LAMMPS      DESMOND       CHARMM
   AMBER    0.0000000   -0.0000496   -0.0000500   -0.0004608   -0.0000500
 GROMACS    0.0000496    0.0000000   -0.0000004   -0.0004112   -0.0000004
  LAMMPS    0.0000500    0.0000004    0.0000000   -0.0004108    0.0000000
 DESMOND    0.0004608    0.0004112    0.0004108    0.0000000    0.0004108
  CHARMM    0.0000500    0.0000004    0.0000000   -0.0004108    0.0000000

Angle energy differences
                AMBER      GROMACS       LAMMPS      DESMOND       CHARMM
   AMBER    0.0000000   -0.0000188   -0.0000200    0.0006970    0.0004000
 GROMACS    0.0000188    0.0000000   -0.0000012    0.0007158    0.0004188
  LAMMPS    0.0000200    0.0000012    0.0000000    0.0007170    0.0004200
 DESMOND   -0.0006970   -0.0007158   -0.0007170    0.0000000   -0.0002970
  CHARMM   -0.0004000   -0.0004188   -0.0004200    0.0002970    0.0000000

All dihedrals energy differences
                AMBER      GROMACS       LAMMPS      DESMOND       CHARMM
   AMBER    0.0000000    0.0001060    0.0001050    0.0001678   -0.0034900
 GROMACS   -0.0001060    0.0000000   -0.0000010    0.0000618   -0.0035960
  LAMMPS   -0.0001050    0.0000010    0.0000000    0.0000628   -0.0035950
 DESMOND   -0.0001678   -0.0000618   -0.0000628    0.0000000   -0.0036578
  CHARMM    0.0034900    0.0035960    0.0035950    0.0036578    0.0000000

Bonded energy differences
                AMBER      GROMACS       LAMMPS      DESMOND       CHARMM
   AMBER    0.0000000    0.0000376    0.0000350    0.0004040   -0.0031400
 GROMACS   -0.0000376    0.0000000   -0.0000026    0.0003664   -0.0031776
  LAMMPS   -0.0000350    0.0000026    0.0000000    0.0003690   -0.0031750
 DESMOND   -0.0004040   -0.0003664   -0.0003690    0.0000000   -0.0035440
  CHARMM    0.0031400    0.0031776    0.0031750    0.0035440    0.0000000

LJ-14 energy differences
                AMBER      GROMACS       LAMMPS      DESMOND       CHARMM
   AMBER    0.0000000    0.0001499          n/a    0.0000471          n/a
 GROMACS   -0.0001499    0.0000000          n/a   -0.0001028          n/a
  LAMMPS          n/a          n/a          n/a          n/a          n/a
 DESMOND   -0.0000471    0.0001028          n/a    0.0000000          n/a
  CHARMM          n/a          n/a          n/a          n/a          n/a

Coulomb-14 energy differences
                AMBER      GROMACS       LAMMPS      DESMOND       CHARMM
   AMBER    0.0000000    0.0006966          n/a    0.0007931          n/a
 GROMACS   -0.0006966    0.0000000          n/a    0.0000965          n/a
  LAMMPS          n/a          n/a          n/a          n/a          n/a
 DESMOND   -0.0007931   -0.0000965          n/a    0.0000000          n/a
  CHARMM          n/a          n/a          n/a          n/a          n/a

van der Waals energy differences
                AMBER      GROMACS       LAMMPS      DESMOND       CHARMM
   AMBER    0.0000000    0.2660219   -0.0630000          n/a    0.2790300
 GROMACS   -0.2660219    0.0000000   -0.3290219          n/a    0.0130081
  LAMMPS    0.0630000    0.3290219    0.0000000          n/a    0.3420300
 DESMOND          n/a          n/a          n/a          n/a          n/a
  CHARMM   -0.2790300   -0.0130081   -0.3420300          n/a    0.0000000

Electrostatic energy differences
                AMBER      GROMACS       LAMMPS      DESMOND       CHARMM
   AMBER    0.0000000    0.9521830    0.7354000          n/a    1.4982700
 GROMACS   -0.9521830    0.0000000   -0.2167830          n/a    0.5460870
  LAMMPS   -0.7354000    0.2167830    0.0000000          n/a    0.7628700
 DESMOND          n/a          n/a          n/a          n/a          n/a
  CHARMM   -1.4982700   -0.5460870   -0.7628700          n/a    0.0000000

Nonbonded energy differences
                AMBER      GROMACS       LAMMPS      DESMOND       CHARMM
   AMBER    0.0000000    1.2182049    0.6724000          n/a    1.7773000
 GROMACS   -1.2182049    0.0000000   -0.5458049          n/a    0.5590951
  LAMMPS   -0.6724000    0.5458049    0.0000000          n/a    1.1049000
 DESMOND          n/a          n/a          n/a          n/a          n/a
  CHARMM   -1.7773000   -0.5590951   -1.1049000          n/a    0.0000000

Potential energy differences
                AMBER      GROMACS       LAMMPS      DESMOND       CHARMM
   AMBER    0.0000000    1.2182425    0.6752000    2.1495000    1.7741700
 GROMACS   -1.2182425    0.0000000   -0.5430425    0.9312575    0.5559275
  LAMMPS   -0.6752000    0.5430425    0.0000000    1.4743000    1.0989700
 DESMOND   -2.1495000   -0.9312575   -1.4743000    0.0000000   -0.3753300
  CHARMM   -1.7741700   -0.5559275   -1.0989700    0.3753300    0.0000000

****************
CBC-G3
****************
                      AMBER      GROMACS       LAMMPS      DESMOND       CHARMM
          Bond     27.1751000     27.1751436     27.1751440     27.1754201     27.1751400
         Angle    131.4169000    131.4169281    131.4169300    131.4167580    131.4164800
 All dihedrals     72.5569000     72.5568257     72.5568380     72.5566145     72.5609600
        Bonded    231.1489000    231.1488975    231.1489120    231.1487926    231.1525800
         LJ-14     39.7093000     39.7091880            n/a     39.7092309            n/a
    Coulomb-14     43.2644000     43.2659182            n/a     43.2658469            n/a
 van der Waals   2936.5015000   2936.1646076   2936.4888000            n/a   2936.3253400
 Electrostatic -23665.3483000 -23666.4006590 -23666.1500000            n/a -23666.9628200
     Nonbonded -20728.8468000 -20730.2360514 -20729.6612000            n/a -20730.6374800
     Potential -20497.6979000 -20499.0871539 -20498.5120000 -20499.6660000 -20499.4849200

Bond energy differences
                AMBER      GROMACS       LAMMPS      DESMOND       CHARMM
   AMBER    0.0000000   -0.0000436   -0.0000440   -0.0003201   -0.0000400
 GROMACS    0.0000436    0.0000000   -0.0000004   -0.0002765    0.0000036
  LAMMPS    0.0000440    0.0000004    0.0000000   -0.0002761    0.0000040
 DESMOND    0.0003201    0.0002765    0.0002761    0.0000000    0.0002801
  CHARMM    0.0000400   -0.0000036   -0.0000040   -0.0002801    0.0000000

Angle energy differences
                AMBER      GROMACS       LAMMPS      DESMOND       CHARMM
   AMBER    0.0000000   -0.0000281   -0.0000300    0.0001420    0.0004200
 GROMACS    0.0000281    0.0000000   -0.0000019    0.0001702    0.0004481
  LAMMPS    0.0000300    0.0000019    0.0000000    0.0001720    0.0004500
 DESMOND   -0.0001420   -0.0001702   -0.0001720    0.0000000    0.0002780
  CHARMM   -0.0004200   -0.0004481   -0.0004500   -0.0002780    0.0000000

All dihedrals energy differences
                AMBER      GROMACS       LAMMPS      DESMOND       CHARMM
   AMBER    0.0000000    0.0000743    0.0000620    0.0002855   -0.0040600
 GROMACS   -0.0000743    0.0000000   -0.0000123    0.0002112   -0.0041343
  LAMMPS   -0.0000620    0.0000123    0.0000000    0.0002235   -0.0041220
 DESMOND   -0.0002855   -0.0002112   -0.0002235    0.0000000   -0.0043455
  CHARMM    0.0040600    0.0041343    0.0041220    0.0043455    0.0000000

Bonded energy differences
                AMBER      GROMACS       LAMMPS      DESMOND       CHARMM
   AMBER    0.0000000    0.0000025   -0.0000120    0.0001074   -0.0036800
 GROMACS   -0.0000025    0.0000000   -0.0000145    0.0001049   -0.0036825
  LAMMPS    0.0000120    0.0000145    0.0000000    0.0001194   -0.0036680
 DESMOND   -0.0001074   -0.0001049   -0.0001194    0.0000000   -0.0037874
  CHARMM    0.0036800    0.0036825    0.0036680    0.0037874    0.0000000

LJ-14 energy differences
                AMBER      GROMACS       LAMMPS      DESMOND       CHARMM
   AMBER    0.0000000    0.0001120          n/a    0.0000691          n/a
 GROMACS   -0.0001120    0.0000000          n/a   -0.0000430          n/a
  LAMMPS          n/a          n/a          n/a          n/a          n/a
 DESMOND   -0.0000691    0.0000430          n/a    0.0000000          n/a
  CHARMM          n/a          n/a          n/a          n/a          n/a

Coulomb-14 energy differences
                AMBER      GROMACS       LAMMPS      DESMOND       CHARMM
   AMBER    0.0000000   -0.0015182          n/a   -0.0014469          n/a
 GROMACS    0.0015182    0.0000000          n/a    0.0000713          n/a
  LAMMPS          n/a          n/a          n/a          n/a          n/a
 DESMOND    0.0014469   -0.0000713          n/a    0.0000000          n/a
  CHARMM          n/a          n/a          n/a          n/a          n/a

van der Waals energy differences
                AMBER      GROMACS       LAMMPS      DESMOND       CHARMM
   AMBER    0.0000000    0.3368924    0.0127000          n/a    0.1761600
 GROMACS   -0.3368924    0.0000000   -0.3241924          n/a   -0.1607324
  LAMMPS   -0.0127000    0.3241924    0.0000000          n/a    0.1634600
 DESMOND          n/a          n/a          n/a          n/a          n/a
  CHARMM   -0.1761600    0.1607324   -0.1634600          n/a    0.0000000

Electrostatic energy differences
                AMBER      GROMACS       LAMMPS      DESMOND       CHARMM
   AMBER    0.0000000    1.0523590    0.8017000          n/a    1.6145200
 GROMACS   -1.0523590    0.0000000   -0.2506590          n/a    0.5621610
  LAMMPS   -0.8017000    0.2506590    0.0000000          n/a    0.8128200
 DESMOND          n/a          n/a          n/a          n/a          n/a
  CHARMM   -1.6145200   -0.5621610   -0.8128200          n/a    0.0000000

Nonbonded energy differences
                AMBER      GROMACS       LAMMPS      DESMOND       CHARMM
   AMBER    0.0000000    1.3892514    0.8144000          n/a    1.7906800
 GROMACS   -1.3892514    0.0000000   -0.5748514          n/a    0.4014286
  LAMMPS   -0.8144000    0.5748514    0.0000000          n/a    0.9762800
 DESMOND          n/a          n/a          n/a          n/a          n/a
  CHARMM   -1.7906800   -0.4014286   -0.9762800          n/a    0.0000000

Potential energy differences
                AMBER      GROMACS       LAMMPS      DESMOND       CHARMM
   AMBER    0.0000000    1.3892539    0.8141000    1.9681000    1.7870200
 GROMACS   -1.3892539    0.0000000   -0.5751539    0.5788461    0.3977661
  LAMMPS   -0.8141000    0.5751539    0.0000000    1.1540000    0.9729200
 DESMOND   -1.9681000   -0.5788461   -1.1540000    0.0000000   -0.1810800
  CHARMM   -1.7870200   -0.3977661   -0.9729200    0.1810800    0.0000000

****************
CBC-G4
****************
                      AMBER      GROMACS       LAMMPS      DESMOND       CHARMM
          Bond     41.2239000     41.2239148     41.2239150     41.2231999     41.2239100
         Angle    111.3790000    111.3789764    111.3789800    111.3788580    111.3786300
 All dihedrals     72.7377000     72.7376266     72.7376260     72.7376334     72.7411300
        Bonded    225.3406000    225.3405179    225.3405210    225.3396913    225.3436700
         LJ-14     50.6664000     50.6662779            n/a     50.6662588            n/a
    Coulomb-14   -192.6630000   -192.6696176            n/a   -192.6696900            n/a
 van der Waals   3056.8053000   3056.4760015   3056.7581000            n/a   3056.6254300
 Electrostatic -24136.4126000 -24137.1896756 -24137.0500000            n/a -24137.9028500
     Nonbonded -21079.6073000 -21080.7136741 -21080.2919000            n/a -21081.2774200
     Potential -20854.2667000 -20855.3731561 -20854.9560000 -20857.1811000 -20855.9337400

Bond energy differences
                AMBER      GROMACS       LAMMPS      DESMOND       CHARMM
   AMBER    0.0000000   -0.0000148   -0.0000150    0.0007001   -0.0000100
 GROMACS    0.0000148    0.0000000   -0.0000001    0.0007150    0.0000049
  LAMMPS    0.0000150    0.0000001    0.0000000    0.0007151    0.0000050
 DESMOND   -0.0007001   -0.0007150   -0.0007151    0.0000000   -0.0007101
  CHARMM    0.0000100   -0.0000049   -0.0000050    0.0007101    0.0000000

Angle energy differences
                AMBER      GROMACS       LAMMPS      DESMOND       CHARMM
   AMBER    0.0000000    0.0000236    0.0000200    0.0001420    0.0003700
 GROMACS   -0.0000236    0.0000000   -0.0000036    0.0001184    0.0003464
  LAMMPS   -0.0000200    0.0000036    0.0000000    0.0001220    0.0003500
 DESMOND   -0.0001420   -0.0001184   -0.0001220    0.0000000    0.0002280
  CHARMM   -0.0003700   -0.0003464   -0.0003500   -0.0002280    0.0000000

All dihedrals energy differences
                AMBER      GROMACS       LAMMPS      DESMOND       CHARMM
   AMBER    0.0000000    0.0000734    0.0000740    0.0000666   -0.0034300
 GROMACS   -0.0000734    0.0000000    0.0000006   -0.0000068   -0.0035034
  LAMMPS   -0.0000740   -0.0000006    0.0000000   -0.0000074   -0.0035040
 DESMOND   -0.0000666    0.0000068    0.0000074    0.0000000   -0.0034966
  CHARMM    0.0034300    0.0035034    0.0035040    0.0034966    0.0000000

Bonded energy differences
                AMBER      GROMACS       LAMMPS      DESMOND       CHARMM
   AMBER    0.0000000    0.0000821    0.0000790    0.0009087   -0.0030700
 GROMACS   -0.0000821    0.0000000   -0.0000031    0.0008266   -0.0031521
  LAMMPS   -0.0000790    0.0000031    0.0000000    0.0008297   -0.0031490
 DESMOND   -0.0009087   -0.0008266   -0.0008297    0.0000000   -0.0039787
  CHARMM    0.0030700    0.0031521    0.0031490    0.0039787    0.0000000

LJ-14 energy differences
                AMBER      GROMACS       LAMMPS      DESMOND       CHARMM
   AMBER    0.0000000    0.0001221          n/a    0.0001412          n/a
 GROMACS   -0.0001221    0.0000000          n/a    0.0000191          n/a
  LAMMPS          n/a          n/a          n/a          n/a          n/a
 DESMOND   -0.0001412   -0.0000191          n/a    0.0000000          n/a
  CHARMM          n/a          n/a          n/a          n/a          n/a

Coulomb-14 energy differences
                AMBER      GROMACS       LAMMPS      DESMOND       CHARMM
   AMBER    0.0000000    0.0066176          n/a    0.0066900          n/a
 GROMACS   -0.0066176    0.0000000          n/a    0.0000724          n/a
  LAMMPS          n/a          n/a          n/a          n/a          n/a
 DESMOND   -0.0066900   -0.0000724          n/a    0.0000000          n/a
  CHARMM          n/a          n/a          n/a          n/a          n/a

van der Waals energy differences
                AMBER      GROMACS       LAMMPS      DESMOND       CHARMM
   AMBER    0.0000000    0.3292985    0.0472000          n/a    0.1798700
 GROMACS   -0.3292985    0.0000000   -0.2820985          n/a   -0.1494285
  LAMMPS   -0.0472000    0.2820985    0.0000000          n/a    0.1326700
 DESMOND          n/a          n/a          n/a          n/a          n/a
  CHARMM   -0.1798700    0.1494285   -0.1326700          n/a    0.0000000

Electrostatic energy differences
                AMBER      GROMACS       LAMMPS      DESMOND       CHARMM
   AMBER    0.0000000    0.7770756    0.6374000          n/a    1.4902500
 GROMACS   -0.7770756    0.0000000   -0.1396756          n/a    0.7131744
  LAMMPS   -0.6374000    0.1396756    0.0000000          n/a    0.8528500
 DESMOND          n/a          n/a          n/a          n/a          n/a
  CHARMM   -1.4902500   -0.7131744   -0.8528500          n/a    0.0000000

Nonbonded energy differences
                AMBER      GROMACS       LAMMPS      DESMOND       CHARMM
   AMBER    0.0000000    1.1063741    0.6846000          n/a    1.6701200
 GROMACS   -1.1063741    0.0000000   -0.4217741          n/a    0.5637459
  LAMMPS   -0.6846000    0.4217741    0.0000000          n/a    0.9855200
 DESMOND          n/a          n/a          n/a          n/a          n/a
  CHARMM   -1.6701200   -0.5637459   -0.9855200          n/a    0.0000000

Potential energy differences
                AMBER      GROMACS       LAMMPS      DESMOND       CHARMM
   AMBER    0.0000000    1.1064561    0.6893000    2.9144000    1.6670400
 GROMACS   -1.1064561    0.0000000   -0.4171562    1.8079439    0.5605839
  LAMMPS   -0.6893000    0.4171562    0.0000000    2.2251000    0.9777400
 DESMOND   -2.9144000   -1.8079439   -2.2251000    0.0000000   -1.2473600
  CHARMM   -1.6670400   -0.5605839   -0.9777400    1.2473600    0.0000000

****************
CBC-G5
****************
                      AMBER      GROMACS       LAMMPS      DESMOND       CHARMM
          Bond     35.3521000     35.3521217     35.3521220     35.3525912     35.3521200
         Angle    120.6785000    120.6785512    120.6785500    120.6782390    120.6782000
 All dihedrals     73.5783000     73.5781978     73.5781940     73.5780810     73.5814100
        Bonded    229.6089000    229.6088706    229.6088660    229.6089112    229.6117300
         LJ-14     54.2804000     54.2803003            n/a     54.2803903            n/a
    Coulomb-14    -60.9676000    -60.9696465            n/a    -60.9696904            n/a
 van der Waals   2988.5786000   2988.2262410   2988.5522000            n/a   2988.4214900
 Electrostatic -23969.0688000 -23970.0581392 -23969.8500000            n/a -23970.7331000
     Nonbonded -20980.4902000 -20981.8318982 -20981.2978000            n/a -20982.3116100
     Potential -20750.8813000 -20752.2230275 -20751.6850000 -20753.5257000 -20752.6998800

Bond energy differences
                AMBER      GROMACS       LAMMPS      DESMOND       CHARMM
   AMBER    0.0000000   -0.0000217   -0.0000220   -0.0004912   -0.0000200
 GROMACS    0.0000217    0.0000000   -0.0000003   -0.0004695    0.0000017
  LAMMPS    0.0000220    0.0000003    0.0000000   -0.0004692    0.0000020
 DESMOND    0.0004912    0.0004695    0.0004692    0.0000000    0.0004712
  CHARMM    0.0000200   -0.0000017   -0.0000020   -0.0004712    0.0000000

Angle energy differences
                AMBER      GROMACS       LAMMPS      DESMOND       CHARMM
   AMBER    0.0000000   -0.0000512   -0.0000500    0.0002610    0.0003000
 GROMACS    0.0000512    0.0000000    0.0000012    0.0003122    0.0003512
  LAMMPS    0.0000500   -0.0000012    0.0000000    0.0003110    0.0003500
 DESMOND   -0.0002610   -0.0003122   -0.0003110    0.0000000    0.0000390
  CHARMM   -0.0003000   -0.0003512   -0.0003500   -0.0000390    0.0000000

All dihedrals energy differences
                AMBER      GROMACS       LAMMPS      DESMOND       CHARMM
   AMBER    0.0000000    0.0001022    0.0001060    0.0002190   -0.0031100
 GROMACS   -0.0001022    0.0000000    0.0000038    0.0001168   -0.0032122
  LAMMPS   -0.0001060   -0.0000038    0.0000000    0.0001130   -0.0032160
 DESMOND   -0.0002190   -0.0001168   -0.0001130    0.0000000   -0.0033290
  CHARMM    0.0031100    0.0032122    0.0032160    0.0033290    0.0000000

Bonded energy differences
                AMBER      GROMACS       LAMMPS      DESMOND       CHARMM
   AMBER    0.0000000    0.0000294    0.0000340   -0.0000112   -0.0028300
 GROMACS   -0.0000294    0.0000000    0.0000046   -0.0000406   -0.0028594
  LAMMPS   -0.0000340   -0.0000046    0.0000000   -0.0000452   -0.0028640
 DESMOND    0.0000112    0.0000406    0.0000452    0.0000000   -0.0028188
  CHARMM    0.0028300    0.0028594    0.0028640    0.0028188    0.0000000

LJ-14 energy differences
                AMBER      GROMACS       LAMMPS      DESMOND       CHARMM
   AMBER    0.0000000    0.0000997          n/a    0.0000097          n/a
 GROMACS   -0.0000997    0.0000000          n/a   -0.0000900          n/a
  LAMMPS          n/a          n/a          n/a          n/a          n/a
 DESMOND   -0.0000097    0.0000900          n/a    0.0000000          n/a
  CHARMM          n/a          n/a          n/a          n/a          n/a

Coulomb-14 energy differences
                AMBER      GROMACS       LAMMPS      DESMOND       CHARMM
   AMBER    0.0000000    0.0020465          n/a    0.0020904          n/a
 GROMACS   -0.0020465    0.0000000          n/a    0.0000439          n/a
  LAMMPS          n/a          n/a          n/a          n/a          n/a
 DESMOND   -0.0020904   -0.0000439          n/a    0.0000000          n/a
  CHARMM          n/a          n/a          n/a          n/a          n/a

van der Waals energy differences
                AMBER      GROMACS       LAMMPS      DESMOND       CHARMM
   AMBER    0.0000000    0.3523590    0.0264000          n/a    0.1571100
 GROMACS   -0.3523590    0.0000000   -0.3259590          n/a   -0.1952490
  LAMMPS   -0.0264000    0.3259590    0.0000000          n/a    0.1307100
 DESMOND          n/a          n/a          n/a          n/a          n/a
  CHARMM   -0.1571100    0.1952490   -0.1307100          n/a    0.0000000

Electrostatic energy differences
                AMBER      GROMACS       LAMMPS      DESMOND       CHARMM
   AMBER    0.0000000    0.9893392    0.7812000          n/a    1.6643000
 GROMACS   -0.9893392    0.0000000   -0.2081392          n/a    0.6749608
  LAMMPS   -0.7812000    0.2081392    0.0000000          n/a    0.8831000
 DESMOND          n/a          n/a          n/a          n/a          n/a
  CHARMM   -1.6643000   -0.6749608   -0.8831000          n/a    0.0000000

Nonbonded energy differences
                AMBER      GROMACS       LAMMPS      DESMOND       CHARMM
   AMBER    0.0000000    1.3416982    0.8076000          n/a    1.8214100
 GROMACS   -1.3416982    0.0000000   -0.5340982          n/a    0.4797118
  LAMMPS   -0.8076000    0.5340982    0.0000000          n/a    1.0138100
 DESMOND          n/a          n/a          n/a          n/a          n/a
  CHARMM   -1.8214100   -0.4797118   -1.0138100          n/a    0.0000000

Potential energy differences
                AMBER      GROMACS       LAMMPS      DESMOND       CHARMM
   AMBER    0.0000000    1.3417275    0.8037000    2.6444000    1.8185800
 GROMACS   -1.3417275    0.0000000   -0.5380275    1.3026725    0.4768525
  LAMMPS   -0.8037000    0.5380275    0.0000000    1.8407000    1.0148800
 DESMOND   -2.6444000   -1.3026725   -1.8407000    0.0000000   -0.8258200
  CHARMM   -1.8185800   -0.4768525   -1.0148800    0.8258200    0.0000000

****************
CBC-G6
****************
                      AMBER      GROMACS       LAMMPS      DESMOND       CHARMM
          Bond     38.2150000     38.2150080     38.2150080     38.2160964     38.2150100
         Angle    119.9128000    119.9128364    119.9128400    119.9126570    119.9123300
 All dihedrals     80.0268000     80.0267171     80.0267290     80.0269114     80.0307500
        Bonded    238.1546000    238.1545615    238.1545770    238.1556648    238.1580900
         LJ-14     62.5586000     62.5585552            n/a     62.5585846            n/a
    Coulomb-14    -35.1057000    -35.1068559            n/a    -35.1068287            n/a
 van der Waals   3063.8891000   3063.6544966   3063.8628000            n/a   3063.6222700
 Electrostatic -24024.4207000 -24025.0862100 -24024.9700000            n/a -24025.7773300
     Nonbonded -20960.5316000 -20961.4317134 -20961.1072000            n/a -20962.1550600
     Potential -20722.3770000 -20723.2771519 -20722.9530000 -20724.0676000 -20723.9969600

Bond energy differences
                AMBER      GROMACS       LAMMPS      DESMOND       CHARMM
   AMBER    0.0000000   -0.0000079   -0.0000080   -0.0010964   -0.0000100
 GROMACS    0.0000079    0.0000000   -0.0000000   -0.0010884   -0.0000020
  LAMMPS    0.0000080    0.0000000    0.0000000   -0.0010884   -0.0000020
 DESMOND    0.0010964    0.0010884    0.0010884    0.0000000    0.0010864
  CHARMM    0.0000100    0.0000020    0.0000020   -0.0010864    0.0000000

Angle energy differences
                AMBER      GROMACS       LAMMPS      DESMOND       CHARMM
   AMBER    0.0000000   -0.0000364   -0.0000400    0.0001430    0.0004700
 GROMACS    0.0000364    0.0000000   -0.0000036    0.0001794    0.0005064
  LAMMPS    0.0000400    0.0000036    0.0000000    0.0001830    0.0005100
 DESMOND   -0.0001430   -0.0001794   -0.0001830    0.0000000    0.0003270
  CHARMM   -0.0004700   -0.0005064   -0.0005100   -0.0003270    0.0000000

All dihedrals energy differences
                AMBER      GROMACS       LAMMPS      DESMOND       CHARMM
   AMBER    0.0000000    0.0000829    0.0000710   -0.0001114   -0.0039500
 GROMACS   -0.0000829    0.0000000   -0.0000119   -0.0001943   -0.0040329
  LAMMPS   -0.0000710    0.0000119    0.0000000   -0.0001824   -0.0040210
 DESMOND    0.0001114    0.0001943    0.0001824    0.0000000   -0.0038386
  CHARMM    0.0039500    0.0040329    0.0040210    0.0038386    0.0000000

Bonded energy differences
                AMBER      GROMACS       LAMMPS      DESMOND       CHARMM
   AMBER    0.0000000    0.0000385    0.0000230   -0.0010648   -0.0034900
 GROMACS   -0.0000385    0.0000000   -0.0000155   -0.0011033   -0.0035285
  LAMMPS   -0.0000230    0.0000155    0.0000000   -0.0010878   -0.0035130
 DESMOND    0.0010648    0.0011033    0.0010878    0.0000000   -0.0024252
  CHARMM    0.0034900    0.0035285    0.0035130    0.0024252    0.0000000

LJ-14 energy differences
                AMBER      GROMACS       LAMMPS      DESMOND       CHARMM
   AMBER    0.0000000    0.0000448          n/a    0.0000154          n/a
 GROMACS   -0.0000448    0.0000000          n/a   -0.0000294          n/a
  LAMMPS          n/a          n/a          n/a          n/a          n/a
 DESMOND   -0.0000154    0.0000294          n/a    0.0000000          n/a
  CHARMM          n/a          n/a          n/a          n/a          n/a

Coulomb-14 energy differences
                AMBER      GROMACS       LAMMPS      DESMOND       CHARMM
   AMBER    0.0000000    0.0011559          n/a    0.0011287          n/a
 GROMACS   -0.0011559    0.0000000          n/a   -0.0000272          n/a
  LAMMPS          n/a          n/a          n/a          n/a          n/a
 DESMOND   -0.0011287    0.0000272          n/a    0.0000000          n/a
  CHARMM          n/a          n/a          n/a          n/a          n/a

van der Waals energy differences
                AMBER      GROMACS       LAMMPS      DESMOND       CHARMM
   AMBER    0.0000000    0.2346034    0.0263000          n/a    0.2668300
 GROMACS   -0.2346034    0.0000000   -0.2083034          n/a    0.0322266
  LAMMPS   -0.0263000    0.2083034    0.0000000          n/a    0.2405300
 DESMOND          n/a          n/a          n/a          n/a          n/a
  CHARMM   -0.2668300   -0.0322266   -0.2405300          n/a    0.0000000

Electrostatic energy differences
                AMBER      GROMACS       LAMMPS      DESMOND       CHARMM
   AMBER    0.0000000    0.6655100    0.5493000          n/a    1.3566300
 GROMACS   -0.6655100    0.0000000   -0.1162100          n/a    0.6911200
  LAMMPS   -0.5493000    0.1162100    0.0000000          n/a    0.8073300
 DESMOND          n/a          n/a          n/a          n/a          n/a
  CHARMM   -1.3566300   -0.6911200   -0.8073300          n/a    0.0000000

Nonbonded energy differences
                AMBER      GROMACS       LAMMPS      DESMOND       CHARMM
   AMBER    0.0000000    0.9001134    0.5756000          n/a    1.6234600
 GROMACS   -0.9001134    0.0000000   -0.3245134          n/a    0.7233466
  LAMMPS   -0.5756000    0.3245134    0.0000000          n/a    1.0478600
 DESMOND          n/a          n/a          n/a          n/a          n/a
  CHARMM   -1.6234600   -0.7233466   -1.0478600          n/a    0.0000000

Potential energy differences
                AMBER      GROMACS       LAMMPS      DESMOND       CHARMM
