
****************
OAH-G1_0
****************
                      AMBER      GROMACS       LAMMPS      DESMOND       CHARMM
          Bond     69.7251000     69.7250997     69.7251000     69.7250639     69.7251000
         Angle     90.2432000     90.2431701     90.2431700     90.2436746     90.2426900
 All dihedrals    136.6471000    136.6470820    136.6470800    136.6471190    136.6462500
        Bonded    296.6154000    296.6153519    296.6153500    296.6158575    296.6140400
         LJ-14     80.6356000     80.6355041            n/a     80.6356687            n/a
    Coulomb-14    -76.5066000    -76.5091696            n/a    -76.5091438            n/a
 van der Waals   2942.8012000   2942.7277021   2942.7224000            n/a   2942.8196500
 Electrostatic -25046.7067000 -25047.4470887 -25047.5100000            n/a -25048.0622800
     Nonbonded -22103.9055000 -22104.7193866 -22104.7876000            n/a -22105.2426300
     Potential -21807.2901000 -21808.1040347 -21808.1680000 -21808.1729000 -21808.6286000

Bond energy differences
                AMBER      GROMACS       LAMMPS      DESMOND       CHARMM
   AMBER    0.0000000    0.0000002    0.0000000    0.0000361    0.0000000
 GROMACS   -0.0000002    0.0000000   -0.0000002    0.0000359   -0.0000002
  LAMMPS    0.0000000    0.0000002    0.0000000    0.0000361    0.0000000
 DESMOND   -0.0000361   -0.0000359   -0.0000361    0.0000000   -0.0000361
  CHARMM    0.0000000    0.0000002    0.0000000    0.0000361    0.0000000

Angle energy differences
                AMBER      GROMACS       LAMMPS      DESMOND       CHARMM
   AMBER    0.0000000    0.0000299    0.0000300   -0.0004746    0.0005100
 GROMACS   -0.0000299    0.0000000    0.0000001   -0.0005045    0.0004801
  LAMMPS   -0.0000300   -0.0000001    0.0000000   -0.0005046    0.0004800
 DESMOND    0.0004746    0.0005045    0.0005046    0.0000000    0.0009846
  CHARMM   -0.0005100   -0.0004801   -0.0004800   -0.0009846    0.0000000

All dihedrals energy differences
                AMBER      GROMACS       LAMMPS      DESMOND       CHARMM
   AMBER    0.0000000    0.0000180    0.0000200   -0.0000190    0.0008500
 GROMACS   -0.0000180    0.0000000    0.0000020   -0.0000370    0.0008320
  LAMMPS   -0.0000200   -0.0000020    0.0000000   -0.0000390    0.0008300
 DESMOND    0.0000190    0.0000370    0.0000390    0.0000000    0.0008690
  CHARMM   -0.0008500   -0.0008320   -0.0008300   -0.0008690    0.0000000

Bonded energy differences
                AMBER      GROMACS       LAMMPS      DESMOND       CHARMM
   AMBER    0.0000000    0.0000481    0.0000500   -0.0004575    0.0013600
 GROMACS   -0.0000481    0.0000000    0.0000019   -0.0005056    0.0013119
  LAMMPS   -0.0000500   -0.0000019    0.0000000   -0.0005075    0.0013100
 DESMOND    0.0004575    0.0005056    0.0005075    0.0000000    0.0018175
  CHARMM   -0.0013600   -0.0013119   -0.0013100   -0.0018175    0.0000000

LJ-14 energy differences
                AMBER      GROMACS       LAMMPS      DESMOND       CHARMM
   AMBER    0.0000000    0.0000959          n/a   -0.0000687          n/a
 GROMACS   -0.0000959    0.0000000          n/a   -0.0001646          n/a
  LAMMPS          n/a          n/a          n/a          n/a          n/a
 DESMOND    0.0000687    0.0001646          n/a    0.0000000          n/a
  CHARMM          n/a          n/a          n/a          n/a          n/a

Coulomb-14 energy differences
                AMBER      GROMACS       LAMMPS      DESMOND       CHARMM
   AMBER    0.0000000    0.0025696          n/a    0.0025438          n/a
 GROMACS   -0.0025696    0.0000000          n/a   -0.0000258          n/a
  LAMMPS          n/a          n/a          n/a          n/a          n/a
 DESMOND   -0.0025438    0.0000258          n/a    0.0000000          n/a
  CHARMM          n/a          n/a          n/a          n/a          n/a

van der Waals energy differences
                AMBER      GROMACS       LAMMPS      DESMOND       CHARMM
   AMBER    0.0000000    0.0734979    0.0788000          n/a   -0.0184500
 GROMACS   -0.0734979    0.0000000    0.0053021          n/a   -0.0919479
  LAMMPS   -0.0788000   -0.0053021    0.0000000          n/a   -0.0972500
 DESMOND          n/a          n/a          n/a          n/a          n/a
  CHARMM    0.0184500    0.0919479    0.0972500          n/a    0.0000000

Electrostatic energy differences
                AMBER      GROMACS       LAMMPS      DESMOND       CHARMM
   AMBER    0.0000000    0.7403887    0.8033000          n/a    1.3555800
 GROMACS   -0.7403887    0.0000000    0.0629113          n/a    0.6151913
  LAMMPS   -0.8033000   -0.0629113    0.0000000          n/a    0.5522800
 DESMOND          n/a          n/a          n/a          n/a          n/a
  CHARMM   -1.3555800   -0.6151913   -0.5522800          n/a    0.0000000

Nonbonded energy differences
                AMBER      GROMACS       LAMMPS      DESMOND       CHARMM
   AMBER    0.0000000    0.8138866    0.8821000          n/a    1.3371300
 GROMACS   -0.8138866    0.0000000    0.0682134          n/a    0.5232434
  LAMMPS   -0.8821000   -0.0682134    0.0000000          n/a    0.4550300
 DESMOND          n/a          n/a          n/a          n/a          n/a
  CHARMM   -1.3371300   -0.5232434   -0.4550300          n/a    0.0000000

Potential energy differences
                AMBER      GROMACS       LAMMPS      DESMOND       CHARMM
   AMBER    0.0000000    0.8139347    0.8779000    0.8828000    1.3385000
 GROMACS   -0.8139347    0.0000000    0.0639653    0.0688653    0.5245653
  LAMMPS   -0.8779000   -0.0639653    0.0000000    0.0049000    0.4606000
 DESMOND   -0.8828000   -0.0688653   -0.0049000    0.0000000    0.4557000
  CHARMM   -1.3385000   -0.5245653   -0.4606000   -0.4557000    0.0000000

****************
OAH-G1_1
****************
                      AMBER      GROMACS       LAMMPS      DESMOND       CHARMM
          Bond     44.6118000     44.6117635     44.6117640     44.6124132     44.6117600
         Angle    117.3144000    117.3024168    117.3024200    117.3016990    117.3019500
 All dihedrals    141.2662000    141.2662145    141.2662400    141.2662840    141.2653400
        Bonded    303.1924000    303.1803948    303.1804240    303.1803962    303.1790500
         LJ-14     83.8652000     83.8651040            n/a     83.8651105            n/a
    Coulomb-14    -75.1740000    -75.1766036            n/a    -75.1766491            n/a
 van der Waals   3258.6484000   3258.5703193   3258.5651000            n/a   3258.6425600
 Electrostatic -25240.2831000 -25240.3645412 -25240.3840000            n/a -25240.9850300
     Nonbonded -21981.6347000 -21981.7942220 -21981.8189000            n/a -21982.3424700
     Potential -21678.4423000 -21678.6138271 -21678.6340000 -21678.7807000 -21679.1634300

Bond energy differences
                AMBER      GROMACS       LAMMPS      DESMOND       CHARMM
   AMBER    0.0000000    0.0000365    0.0000360   -0.0006132    0.0000400
 GROMACS   -0.0000365    0.0000000   -0.0000005   -0.0006497    0.0000035
  LAMMPS   -0.0000360    0.0000005    0.0000000   -0.0006492    0.0000040
 DESMOND    0.0006132    0.0006497    0.0006492    0.0000000    0.0006532
  CHARMM   -0.0000400   -0.0000035   -0.0000040   -0.0006532    0.0000000

Angle energy differences
                AMBER      GROMACS       LAMMPS      DESMOND       CHARMM
   AMBER    0.0000000    0.0119833    0.0119800    0.0127010    0.0124500
 GROMACS   -0.0119833    0.0000000   -0.0000032    0.0007178    0.0004668
  LAMMPS   -0.0119800    0.0000032    0.0000000    0.0007210    0.0004700
 DESMOND   -0.0127010   -0.0007178   -0.0007210    0.0000000   -0.0002510
  CHARMM   -0.0124500   -0.0004668   -0.0004700    0.0002510    0.0000000

All dihedrals energy differences
                AMBER      GROMACS       LAMMPS      DESMOND       CHARMM
   AMBER    0.0000000   -0.0000145   -0.0000400   -0.0000840    0.0008600
 GROMACS    0.0000145    0.0000000   -0.0000255   -0.0000695    0.0008745
  LAMMPS    0.0000400    0.0000255    0.0000000   -0.0000440    0.0009000
 DESMOND    0.0000840    0.0000695    0.0000440    0.0000000    0.0009440
  CHARMM   -0.0008600   -0.0008745   -0.0009000   -0.0009440    0.0000000

Bonded energy differences
                AMBER      GROMACS       LAMMPS      DESMOND       CHARMM
   AMBER    0.0000000    0.0120052    0.0119760    0.0120038    0.0133500
 GROMACS   -0.0120052    0.0000000   -0.0000292   -0.0000014    0.0013448
  LAMMPS   -0.0119760    0.0000292    0.0000000    0.0000278    0.0013740
 DESMOND   -0.0120038    0.0000014   -0.0000278    0.0000000    0.0013462
  CHARMM   -0.0133500   -0.0013448   -0.0013740   -0.0013462    0.0000000

LJ-14 energy differences
                AMBER      GROMACS       LAMMPS      DESMOND       CHARMM
   AMBER    0.0000000    0.0000960          n/a    0.0000895          n/a
 GROMACS   -0.0000960    0.0000000          n/a   -0.0000065          n/a
  LAMMPS          n/a          n/a          n/a          n/a          n/a
 DESMOND   -0.0000895    0.0000065          n/a    0.0000000          n/a
  CHARMM          n/a          n/a          n/a          n/a          n/a

Coulomb-14 energy differences
                AMBER      GROMACS       LAMMPS      DESMOND       CHARMM
   AMBER    0.0000000    0.0026036          n/a    0.0026491          n/a
 GROMACS   -0.0026036    0.0000000          n/a    0.0000455          n/a
  LAMMPS          n/a          n/a          n/a          n/a          n/a
 DESMOND   -0.0026491   -0.0000455          n/a    0.0000000          n/a
  CHARMM          n/a          n/a          n/a          n/a          n/a

van der Waals energy differences
                AMBER      GROMACS       LAMMPS      DESMOND       CHARMM
   AMBER    0.0000000    0.0780807    0.0833000          n/a    0.0058400
 GROMACS   -0.0780807    0.0000000    0.0052193          n/a   -0.0722407
  LAMMPS   -0.0833000   -0.0052193    0.0000000          n/a   -0.0774600
 DESMOND          n/a          n/a          n/a          n/a          n/a
  CHARMM   -0.0058400    0.0722407    0.0774600          n/a    0.0000000

Electrostatic energy differences
                AMBER      GROMACS       LAMMPS      DESMOND       CHARMM
   AMBER    0.0000000    0.0814412    0.1009000          n/a    0.7019300
 GROMACS   -0.0814412    0.0000000    0.0194588          n/a    0.6204888
  LAMMPS   -0.1009000   -0.0194588    0.0000000          n/a    0.6010300
 DESMOND          n/a          n/a          n/a          n/a          n/a
  CHARMM   -0.7019300   -0.6204888   -0.6010300          n/a    0.0000000

Nonbonded energy differences
                AMBER      GROMACS       LAMMPS      DESMOND       CHARMM
   AMBER    0.0000000    0.1595220    0.1842000          n/a    0.7077700
 GROMACS   -0.1595220    0.0000000    0.0246780          n/a    0.5482480
  LAMMPS   -0.1842000   -0.0246780    0.0000000          n/a    0.5235700
 DESMOND          n/a          n/a          n/a          n/a          n/a
  CHARMM   -0.7077700   -0.5482480   -0.5235700          n/a    0.0000000

Potential energy differences
                AMBER      GROMACS       LAMMPS      DESMOND       CHARMM
   AMBER    0.0000000    0.1715271    0.1917000    0.3384000    0.7211300
 GROMACS   -0.1715271    0.0000000    0.0201729    0.1668729    0.5496029
  LAMMPS   -0.1917000   -0.0201729    0.0000000    0.1467000    0.5294300
 DESMOND   -0.3384000   -0.1668729   -0.1467000    0.0000000    0.3827300
  CHARMM   -0.7211300   -0.5496029   -0.5294300   -0.3827300    0.0000000

****************
OAH-G1_10
****************
                      AMBER      GROMACS       LAMMPS      DESMOND       CHARMM
          Bond     48.2812000     48.2811696     48.2811700     48.2807248     48.2811700
         Angle    103.7456000    103.7455743    103.7455700    103.7452900    103.7451300
 All dihedrals    131.1447000    131.1447112    131.1447200    131.1445480    131.1438300
        Bonded    283.1715000    283.1714550    283.1714600    283.1705628    283.1701300
         LJ-14     80.8380000     80.8378630            n/a     80.8379294            n/a
    Coulomb-14    -73.9107000    -73.9132264            n/a    -73.9131276            n/a
 van der Waals   3066.7448000   3066.6686824   3066.6634000            n/a   3066.7604600
 Electrostatic -25135.0658000 -25136.0458539 -25136.1200000            n/a -25136.6637500
     Nonbonded -22068.3210000 -22069.3771715 -22069.4566000            n/a -22069.9032900
     Potential -21785.1495000 -21786.2057165 -21786.2820000 -21786.4310000 -21786.7331600

Bond energy differences
                AMBER      GROMACS       LAMMPS      DESMOND       CHARMM
   AMBER    0.0000000    0.0000304    0.0000300    0.0004752    0.0000300
 GROMACS   -0.0000304    0.0000000   -0.0000005    0.0004447   -0.0000005
  LAMMPS   -0.0000300    0.0000005    0.0000000    0.0004452    0.0000000
 DESMOND   -0.0004752   -0.0004447   -0.0004452    0.0000000   -0.0004452
  CHARMM   -0.0000300    0.0000005    0.0000000    0.0004452    0.0000000

Angle energy differences
                AMBER      GROMACS       LAMMPS      DESMOND       CHARMM
   AMBER    0.0000000    0.0000257    0.0000300    0.0003100    0.0004700
 GROMACS   -0.0000257    0.0000000    0.0000043    0.0002843    0.0004443
  LAMMPS   -0.0000300   -0.0000043    0.0000000    0.0002800    0.0004400
 DESMOND   -0.0003100   -0.0002843   -0.0002800    0.0000000    0.0001600
  CHARMM   -0.0004700   -0.0004443   -0.0004400   -0.0001600    0.0000000

All dihedrals energy differences
                AMBER      GROMACS       LAMMPS      DESMOND       CHARMM
   AMBER    0.0000000   -0.0000112   -0.0000200    0.0001520    0.0008700
 GROMACS    0.0000112    0.0000000   -0.0000088    0.0001632    0.0008812
  LAMMPS    0.0000200    0.0000088    0.0000000    0.0001720    0.0008900
 DESMOND   -0.0001520   -0.0001632   -0.0001720    0.0000000    0.0007180
  CHARMM   -0.0008700   -0.0008812   -0.0008900   -0.0007180    0.0000000

Bonded energy differences
                AMBER      GROMACS       LAMMPS      DESMOND       CHARMM
   AMBER    0.0000000    0.0000450    0.0000400    0.0009372    0.0013700
 GROMACS   -0.0000450    0.0000000   -0.0000050    0.0008922    0.0013250
  LAMMPS   -0.0000400    0.0000050    0.0000000    0.0008972    0.0013300
 DESMOND   -0.0009372   -0.0008922   -0.0008972    0.0000000    0.0004328
  CHARMM   -0.0013700   -0.0013250   -0.0013300   -0.0004328    0.0000000

LJ-14 energy differences
                AMBER      GROMACS       LAMMPS      DESMOND       CHARMM
   AMBER    0.0000000    0.0001370          n/a    0.0000706          n/a
 GROMACS   -0.0001370    0.0000000          n/a   -0.0000664          n/a
  LAMMPS          n/a          n/a          n/a          n/a          n/a
 DESMOND   -0.0000706    0.0000664          n/a    0.0000000          n/a
  CHARMM          n/a          n/a          n/a          n/a          n/a

Coulomb-14 energy differences
                AMBER      GROMACS       LAMMPS      DESMOND       CHARMM
   AMBER    0.0000000    0.0025264          n/a    0.0024276          n/a
 GROMACS   -0.0025264    0.0000000          n/a   -0.0000988          n/a
  LAMMPS          n/a          n/a          n/a          n/a          n/a
 DESMOND   -0.0024276    0.0000988          n/a    0.0000000          n/a
  CHARMM          n/a          n/a          n/a          n/a          n/a

van der Waals energy differences
                AMBER      GROMACS       LAMMPS      DESMOND       CHARMM
   AMBER    0.0000000    0.0761176    0.0814000          n/a   -0.0156600
 GROMACS   -0.0761176    0.0000000    0.0052824          n/a   -0.0917776
  LAMMPS   -0.0814000   -0.0052824    0.0000000          n/a   -0.0970600
 DESMOND          n/a          n/a          n/a          n/a          n/a
  CHARMM    0.0156600    0.0917776    0.0970600          n/a    0.0000000

Electrostatic energy differences
                AMBER      GROMACS       LAMMPS      DESMOND       CHARMM
   AMBER    0.0000000    0.9800539    1.0542000          n/a    1.5979500
 GROMACS   -0.9800539    0.0000000    0.0741461          n/a    0.6178961
  LAMMPS   -1.0542000   -0.0741461    0.0000000          n/a    0.5437500
 DESMOND          n/a          n/a          n/a          n/a          n/a
  CHARMM   -1.5979500   -0.6178961   -0.5437500          n/a    0.0000000

Nonbonded energy differences
                AMBER      GROMACS       LAMMPS      DESMOND       CHARMM
   AMBER    0.0000000    1.0561715    1.1356000          n/a    1.5822900
 GROMACS   -1.0561715    0.0000000    0.0794285          n/a    0.5261185
  LAMMPS   -1.1356000   -0.0794285    0.0000000          n/a    0.4466900
 DESMOND          n/a          n/a          n/a          n/a          n/a
  CHARMM   -1.5822900   -0.5261185   -0.4466900          n/a    0.0000000

Potential energy differences
                AMBER      GROMACS       LAMMPS      DESMOND       CHARMM
   AMBER    0.0000000    1.0562165    1.1325000    1.2815000    1.5836600
 GROMACS   -1.0562165    0.0000000    0.0762835    0.2252835    0.5274435
  LAMMPS   -1.1325000   -0.0762835    0.0000000    0.1490000    0.4511600
 DESMOND   -1.2815000   -0.2252835   -0.1490000    0.0000000    0.3021600
  CHARMM   -1.5836600   -0.5274435   -0.4511600   -0.3021600    0.0000000

****************
OAH-G1_11
****************
                      AMBER      GROMACS       LAMMPS      DESMOND       CHARMM
          Bond     42.9255000     42.9254630     42.9254630     42.9249506     42.9254600
         Angle    113.7035000    113.7035248    113.7035200    113.7035280    113.7030900
 All dihedrals    123.4831000    123.4830972    123.4831200    123.4832670    123.4822900
        Bonded    280.1121000    280.1120849    280.1121030    280.1117456    280.1108400
         LJ-14     81.7908000     81.7907305            n/a     81.7907601            n/a
    Coulomb-14    -74.4094000    -74.4119358            n/a    -74.4118850            n/a
 van der Waals   3008.0330000   3007.9567959   3007.9515000            n/a   3008.0408300
 Electrostatic -25023.4050000 -25024.9680606 -25025.0760000            n/a -25025.5839600
     Nonbonded -22015.3720000 -22017.0112647 -22017.1245000            n/a -22017.5431300
     Potential -21735.2599000 -21736.8991798 -21737.0170000 -21737.0301000 -21737.4322900

Bond energy differences
                AMBER      GROMACS       LAMMPS      DESMOND       CHARMM
   AMBER    0.0000000    0.0000370    0.0000370    0.0005494    0.0000400
 GROMACS   -0.0000370    0.0000000   -0.0000000    0.0005124    0.0000030
  LAMMPS   -0.0000370    0.0000000    0.0000000    0.0005124    0.0000030
 DESMOND   -0.0005494   -0.0005124   -0.0005124    0.0000000   -0.0005094
  CHARMM   -0.0000400   -0.0000030   -0.0000030    0.0005094    0.0000000

Angle energy differences
                AMBER      GROMACS       LAMMPS      DESMOND       CHARMM
   AMBER    0.0000000   -0.0000248   -0.0000200   -0.0000280    0.0004100
 GROMACS    0.0000248    0.0000000    0.0000048   -0.0000032    0.0004348
  LAMMPS    0.0000200   -0.0000048    0.0000000   -0.0000080    0.0004300
 DESMOND    0.0000280    0.0000032    0.0000080    0.0000000    0.0004380
  CHARMM   -0.0004100   -0.0004348   -0.0004300   -0.0004380    0.0000000

All dihedrals energy differences
                AMBER      GROMACS       LAMMPS      DESMOND       CHARMM
   AMBER    0.0000000    0.0000028   -0.0000200   -0.0001670    0.0008100
 GROMACS   -0.0000028    0.0000000   -0.0000228   -0.0001698    0.0008072
  LAMMPS    0.0000200    0.0000228    0.0000000   -0.0001470    0.0008300
 DESMOND    0.0001670    0.0001698    0.0001470    0.0000000    0.0009770
  CHARMM   -0.0008100   -0.0008072   -0.0008300   -0.0009770    0.0000000

Bonded energy differences
                AMBER      GROMACS       LAMMPS      DESMOND       CHARMM
   AMBER    0.0000000    0.0000151   -0.0000030    0.0003544    0.0012600
 GROMACS   -0.0000151    0.0000000   -0.0000181    0.0003393    0.0012449
  LAMMPS    0.0000030    0.0000181    0.0000000    0.0003574    0.0012630
 DESMOND   -0.0003544   -0.0003393   -0.0003574    0.0000000    0.0009056
  CHARMM   -0.0012600   -0.0012449   -0.0012630   -0.0009056    0.0000000

LJ-14 energy differences
                AMBER      GROMACS       LAMMPS      DESMOND       CHARMM
   AMBER    0.0000000    0.0000695          n/a    0.0000399          n/a
 GROMACS   -0.0000695    0.0000000          n/a   -0.0000296          n/a
  LAMMPS          n/a          n/a          n/a          n/a          n/a
 DESMOND   -0.0000399    0.0000296          n/a    0.0000000          n/a
  CHARMM          n/a          n/a          n/a          n/a          n/a

Coulomb-14 energy differences
                AMBER      GROMACS       LAMMPS      DESMOND       CHARMM
   AMBER    0.0000000    0.0025358          n/a    0.0024850          n/a
 GROMACS   -0.0025358    0.0000000          n/a   -0.0000508          n/a
  LAMMPS          n/a          n/a          n/a          n/a          n/a
 DESMOND   -0.0024850    0.0000508          n/a    0.0000000          n/a
  CHARMM          n/a          n/a          n/a          n/a          n/a

van der Waals energy differences
                AMBER      GROMACS       LAMMPS      DESMOND       CHARMM
   AMBER    0.0000000    0.0762041    0.0815000          n/a   -0.0078300
 GROMACS   -0.0762041    0.0000000    0.0052959          n/a   -0.0840341
  LAMMPS   -0.0815000   -0.0052959    0.0000000          n/a   -0.0893300
 DESMOND          n/a          n/a          n/a          n/a          n/a
  CHARMM    0.0078300    0.0840341    0.0893300          n/a    0.0000000

Electrostatic energy differences
                AMBER      GROMACS       LAMMPS      DESMOND       CHARMM
   AMBER    0.0000000    1.5630606    1.6710000          n/a    2.1789600
 GROMACS   -1.5630606    0.0000000    0.1079394          n/a    0.6158994
  LAMMPS   -1.6710000   -0.1079394    0.0000000          n/a    0.5079600
 DESMOND          n/a          n/a          n/a          n/a          n/a
  CHARMM   -2.1789600   -0.6158994   -0.5079600          n/a    0.0000000

Nonbonded energy differences
                AMBER      GROMACS       LAMMPS      DESMOND       CHARMM
   AMBER    0.0000000    1.6392647    1.7525000          n/a    2.1711300
 GROMACS   -1.6392647    0.0000000    0.1132353          n/a    0.5318653
  LAMMPS   -1.7525000   -0.1132353    0.0000000          n/a    0.4186300
 DESMOND          n/a          n/a          n/a          n/a          n/a
  CHARMM   -2.1711300   -0.5318653   -0.4186300          n/a    0.0000000

Potential energy differences
                AMBER      GROMACS       LAMMPS      DESMOND       CHARMM
   AMBER    0.0000000    1.6392798    1.7571000    1.7702000    2.1723900
 GROMACS   -1.6392798    0.0000000    0.1178202    0.1309202    0.5331102
  LAMMPS   -1.7571000   -0.1178202    0.0000000    0.0131000    0.4152900
 DESMOND   -1.7702000   -0.1309202   -0.0131000    0.0000000    0.4021900
  CHARMM   -2.1723900   -0.5331102   -0.4152900   -0.4021900    0.0000000

****************
OAH-G1_12
****************
                      AMBER      GROMACS       LAMMPS      DESMOND       CHARMM
          Bond     61.5561000     61.5560774     61.5560770     61.5572762     61.5560800
         Angle    105.0182000    105.0181888    105.0181900    105.0177140    105.0176900
 All dihedrals    138.6446000    138.6446012    138.6446000    138.6447680    138.6438600
        Bonded    305.2189000    305.2188674    305.2188670    305.2197582    305.2176300
         LJ-14     84.2564000     84.2563198            n/a     84.2562395            n/a
    Coulomb-14    -73.4029000    -73.4053995            n/a    -73.4053803            n/a
 van der Waals   3012.3109000   3012.2343415   3012.2291000            n/a   3012.3182200
 Electrostatic -24942.9716000 -24943.3846061 -24943.4210000            n/a -24943.9988000
     Nonbonded -21930.6607000 -21931.1502646 -21931.1919000            n/a -21931.6805800
     Potential -21625.4418000 -21625.9313972 -21625.9710000 -21626.1570000 -21626.4629600

Bond energy differences
                AMBER      GROMACS       LAMMPS      DESMOND       CHARMM
   AMBER    0.0000000    0.0000226    0.0000230   -0.0011762    0.0000200
 GROMACS   -0.0000226    0.0000000    0.0000004   -0.0011988   -0.0000026
  LAMMPS   -0.0000230   -0.0000004    0.0000000   -0.0011992   -0.0000030
 DESMOND    0.0011762    0.0011988    0.0011992    0.0000000    0.0011962
  CHARMM   -0.0000200    0.0000026    0.0000030   -0.0011962    0.0000000

Angle energy differences
                AMBER      GROMACS       LAMMPS      DESMOND       CHARMM
   AMBER    0.0000000    0.0000112    0.0000100    0.0004860    0.0005100
 GROMACS   -0.0000112    0.0000000   -0.0000012    0.0004748    0.0004988
  LAMMPS   -0.0000100    0.0000012    0.0000000    0.0004760    0.0005000
 DESMOND   -0.0004860   -0.0004748   -0.0004760    0.0000000    0.0000240
  CHARMM   -0.0005100   -0.0004988   -0.0005000   -0.0000240    0.0000000

All dihedrals energy differences
                AMBER      GROMACS       LAMMPS      DESMOND       CHARMM
   AMBER    0.0000000   -0.0000012    0.0000000   -0.0001680    0.0007400
 GROMACS    0.0000012    0.0000000    0.0000012   -0.0001668    0.0007412
  LAMMPS    0.0000000   -0.0000012    0.0000000   -0.0001680    0.0007400
 DESMOND    0.0001680    0.0001668    0.0001680    0.0000000    0.0009080
  CHARMM   -0.0007400   -0.0007412   -0.0007400   -0.0009080    0.0000000

Bonded energy differences
                AMBER      GROMACS       LAMMPS      DESMOND       CHARMM
   AMBER    0.0000000    0.0000326    0.0000330   -0.0008582    0.0012700
 GROMACS   -0.0000326    0.0000000    0.0000004   -0.0008908    0.0012374
  LAMMPS   -0.0000330   -0.0000004    0.0000000   -0.0008912    0.0012370
 DESMOND    0.0008582    0.0008908    0.0008912    0.0000000    0.0021282
  CHARMM   -0.0012700   -0.0012374   -0.0012370   -0.0021282    0.0000000

LJ-14 energy differences
                AMBER      GROMACS       LAMMPS      DESMOND       CHARMM
   AMBER    0.0000000    0.0000802          n/a    0.0001605          n/a
 GROMACS   -0.0000802    0.0000000          n/a    0.0000803          n/a
  LAMMPS          n/a          n/a          n/a          n/a          n/a
 DESMOND   -0.0001605   -0.0000803          n/a    0.0000000          n/a
  CHARMM          n/a          n/a          n/a          n/a          n/a

Coulomb-14 energy differences
                AMBER      GROMACS       LAMMPS      DESMOND       CHARMM
   AMBER    0.0000000    0.0024995          n/a    0.0024803          n/a
 GROMACS   -0.0024995    0.0000000          n/a   -0.0000192          n/a
  LAMMPS          n/a          n/a          n/a          n/a          n/a
 DESMOND   -0.0024803    0.0000192          n/a    0.0000000          n/a
  CHARMM          n/a          n/a          n/a          n/a          n/a

van der Waals energy differences
                AMBER      GROMACS       LAMMPS      DESMOND       CHARMM
   AMBER    0.0000000    0.0765585    0.0818000          n/a   -0.0073200
 GROMACS   -0.0765585    0.0000000    0.0052415          n/a   -0.0838785
  LAMMPS   -0.0818000   -0.0052415    0.0000000          n/a   -0.0891200
 DESMOND          n/a          n/a          n/a          n/a          n/a
  CHARMM    0.0073200    0.0838785    0.0891200          n/a    0.0000000

Electrostatic energy differences
                AMBER      GROMACS       LAMMPS      DESMOND       CHARMM
   AMBER    0.0000000    0.4130061    0.4494000          n/a    1.0272000
 GROMACS   -0.4130061    0.0000000    0.0363939          n/a    0.6141939
  LAMMPS   -0.4494000   -0.0363939    0.0000000          n/a    0.5778000
 DESMOND          n/a          n/a          n/a          n/a          n/a
  CHARMM   -1.0272000   -0.6141939   -0.5778000          n/a    0.0000000

Nonbonded energy differences
                AMBER      GROMACS       LAMMPS      DESMOND       CHARMM
   AMBER    0.0000000    0.4895646    0.5312000          n/a    1.0198800
 GROMACS   -0.4895646    0.0000000    0.0416354          n/a    0.5303154
  LAMMPS   -0.5312000   -0.0416354    0.0000000          n/a    0.4886800
 DESMOND          n/a          n/a          n/a          n/a          n/a
  CHARMM   -1.0198800   -0.5303154   -0.4886800          n/a    0.0000000

Potential energy differences
                AMBER      GROMACS       LAMMPS      DESMOND       CHARMM
   AMBER    0.0000000    0.4895972    0.5292000    0.7152000    1.0211600
 GROMACS   -0.4895972    0.0000000    0.0396028    0.2256028    0.5315628
  LAMMPS   -0.5292000   -0.0396028    0.0000000    0.1860000    0.4919600
 DESMOND   -0.7152000   -0.2256028   -0.1860000    0.0000000    0.3059600
  CHARMM   -1.0211600   -0.5315628   -0.4919600   -0.3059600    0.0000000

****************
OAH-G1_13
****************
                      AMBER      GROMACS       LAMMPS      DESMOND       CHARMM
          Bond     58.6989000     58.6988742     58.6988740     58.6991364     58.6988700
         Angle    119.6218000    119.6218317    119.6218300    119.6215910    119.6213700
 All dihedrals    132.8236000    132.8236333    132.8236300    132.8235940    132.8226800
        Bonded    311.1443000    311.1443392    311.1443340    311.1443214    311.1429200
         LJ-14     83.6714000     83.6713037            n/a     83.6712355            n/a
    Coulomb-14    -77.0276000    -77.0301991            n/a    -77.0301538            n/a
 van der Waals   3091.9438000   3091.8661607   3091.8609000            n/a   3091.9677200
 Electrostatic -25057.4179000 -25058.4110151 -25058.4840000            n/a -25059.0279400
     Nonbonded -21965.4741000 -21966.5448545 -21966.6231000            n/a -21967.0602200
     Potential -21654.3298000 -21655.4005153 -21655.4780000 -21655.4911000 -21655.9172900

Bond energy differences
                AMBER      GROMACS       LAMMPS      DESMOND       CHARMM
   AMBER    0.0000000    0.0000258    0.0000260   -0.0002364    0.0000300
 GROMACS   -0.0000258    0.0000000    0.0000002   -0.0002622    0.0000042
  LAMMPS   -0.0000260   -0.0000002    0.0000000   -0.0002624    0.0000040
 DESMOND    0.0002364    0.0002622    0.0002624    0.0000000    0.0002664
  CHARMM   -0.0000300   -0.0000042   -0.0000040   -0.0002664    0.0000000

Angle energy differences
                AMBER      GROMACS       LAMMPS      DESMOND       CHARMM
   AMBER    0.0000000   -0.0000317   -0.0000300    0.0002090    0.0004300
 GROMACS    0.0000317    0.0000000    0.0000017    0.0002407    0.0004617
  LAMMPS    0.0000300   -0.0000017    0.0000000    0.0002390    0.0004600
 DESMOND   -0.0002090   -0.0002407   -0.0002390    0.0000000    0.0002210
  CHARMM   -0.0004300   -0.0004617   -0.0004600   -0.0002210    0.0000000

All dihedrals energy differences
                AMBER      GROMACS       LAMMPS      DESMOND       CHARMM
   AMBER    0.0000000   -0.0000333   -0.0000300    0.0000060    0.0009200
 GROMACS    0.0000333    0.0000000    0.0000033    0.0000393    0.0009533
  LAMMPS    0.0000300   -0.0000033    0.0000000    0.0000360    0.0009500
 DESMOND   -0.0000060   -0.0000393   -0.0000360    0.0000000    0.0009140
  CHARMM   -0.0009200   -0.0009533   -0.0009500   -0.0009140    0.0000000

Bonded energy differences
                AMBER      GROMACS       LAMMPS      DESMOND       CHARMM
   AMBER    0.0000000   -0.0000392   -0.0000340   -0.0000214    0.0013800
 GROMACS    0.0000392    0.0000000    0.0000052    0.0000178    0.0014192
  LAMMPS    0.0000340   -0.0000052    0.0000000    0.0000126    0.0014140
 DESMOND    0.0000214   -0.0000178   -0.0000126    0.0000000    0.0014014
  CHARMM   -0.0013800   -0.0014192   -0.0014140   -0.0014014    0.0000000

LJ-14 energy differences
                AMBER      GROMACS       LAMMPS      DESMOND       CHARMM
   AMBER    0.0000000    0.0000963          n/a    0.0001645          n/a
 GROMACS   -0.0000963    0.0000000          n/a    0.0000682          n/a
  LAMMPS          n/a          n/a          n/a          n/a          n/a
 DESMOND   -0.0001645   -0.0000682          n/a    0.0000000          n/a
  CHARMM          n/a          n/a          n/a          n/a          n/a

Coulomb-14 energy differences
                AMBER      GROMACS       LAMMPS      DESMOND       CHARMM
   AMBER    0.0000000    0.0025991          n/a    0.0025538          n/a
 GROMACS   -0.0025991    0.0000000          n/a   -0.0000453          n/a
  LAMMPS          n/a          n/a          n/a          n/a          n/a
 DESMOND   -0.0025538    0.0000453          n/a    0.0000000          n/a
  CHARMM          n/a          n/a          n/a          n/a          n/a

van der Waals energy differences
                AMBER      GROMACS       LAMMPS      DESMOND       CHARMM
   AMBER    0.0000000    0.0776393    0.0829000          n/a   -0.0239200
 GROMACS   -0.0776393    0.0000000    0.0052607          n/a   -0.1015593
  LAMMPS   -0.0829000   -0.0052607    0.0000000          n/a   -0.1068200
 DESMOND          n/a          n/a          n/a          n/a          n/a
  CHARMM    0.0239200    0.1015593    0.1068200          n/a    0.0000000

Electrostatic energy differences
                AMBER      GROMACS       LAMMPS      DESMOND       CHARMM
   AMBER    0.0000000    0.9931151    1.0661000          n/a    1.6100400
 GROMACS   -0.9931151    0.0000000    0.0729849          n/a    0.6169249
  LAMMPS   -1.0661000   -0.0729849    0.0000000          n/a    0.5439400
 DESMOND          n/a          n/a          n/a          n/a          n/a
  CHARMM   -1.6100400   -0.6169249   -0.5439400          n/a    0.0000000

Nonbonded energy differences
                AMBER      GROMACS       LAMMPS      DESMOND       CHARMM
   AMBER    0.0000000    1.0707545    1.1490000          n/a    1.5861200
 GROMACS   -1.0707545    0.0000000    0.0782455          n/a    0.5153655
  LAMMPS   -1.1490000   -0.0782455    0.0000000          n/a    0.4371200
 DESMOND          n/a          n/a          n/a          n/a          n/a
  CHARMM   -1.5861200   -0.5153655   -0.4371200          n/a    0.0000000

Potential energy differences
                AMBER      GROMACS       LAMMPS      DESMOND       CHARMM
   AMBER    0.0000000    1.0707153    1.1482000    1.1613000    1.5874900
 GROMACS   -1.0707153    0.0000000    0.0774847    0.0905847    0.5167747
  LAMMPS   -1.1482000   -0.0774847    0.0000000    0.0131000    0.4392900
 DESMOND   -1.1613000   -0.0905847   -0.0131000    0.0000000    0.4261900
  CHARMM   -1.5874900   -0.5167747   -0.4392900   -0.4261900    0.0000000

****************
OAH-G1_14
****************
                      AMBER      GROMACS       LAMMPS      DESMOND       CHARMM
          Bond     47.4295000     47.4294818     47.4294820     47.4297758     47.4294800
         Angle    107.5323000    107.5322721    107.5322700    107.5319040    107.5318300
 All dihedrals    130.0642000    130.0642189    130.0642400    130.0643860    130.0632100
        Bonded    285.0260000    285.0259729    285.0259920    285.0260658    285.0245200
         LJ-14     79.8570000     79.8568878            n/a     79.8568463            n/a
    Coulomb-14    -79.6652000    -79.6678975            n/a    -79.6678759            n/a
 van der Waals   2992.5533000   2992.4773757   2992.4721000            n/a   2992.5719100
 Electrostatic -24918.0126000 -24918.9504842 -24919.0250000            n/a -24919.5639100
     Nonbonded -21925.4593000 -21926.4731086 -21926.5529000            n/a -21926.9920000
     Potential -21640.4333000 -21641.4471357 -21641.5280000 -21641.6164000 -21641.9674700

Bond energy differences
                AMBER      GROMACS       LAMMPS      DESMOND       CHARMM
   AMBER    0.0000000    0.0000182    0.0000180   -0.0002758    0.0000200
 GROMACS   -0.0000182    0.0000000   -0.0000002   -0.0002940    0.0000018
  LAMMPS   -0.0000180    0.0000002    0.0000000   -0.0002938    0.0000020
 DESMOND    0.0002758    0.0002940    0.0002938    0.0000000    0.0002958
  CHARMM   -0.0000200   -0.0000018   -0.0000020   -0.0002958    0.0000000

Angle energy differences
                AMBER      GROMACS       LAMMPS      DESMOND       CHARMM
   AMBER    0.0000000    0.0000279    0.0000300    0.0003960    0.0004700
 GROMACS   -0.0000279    0.0000000    0.0000021    0.0003681    0.0004421
  LAMMPS   -0.0000300   -0.0000021    0.0000000    0.0003660    0.0004400
 DESMOND   -0.0003960   -0.0003681   -0.0003660    0.0000000    0.0000740
  CHARMM   -0.0004700   -0.0004421   -0.0004400   -0.0000740    0.0000000

All dihedrals energy differences
                AMBER      GROMACS       LAMMPS      DESMOND       CHARMM
   AMBER    0.0000000   -0.0000189   -0.0000400   -0.0001860    0.0009900
 GROMACS    0.0000189    0.0000000   -0.0000211   -0.0001671    0.0010089
  LAMMPS    0.0000400    0.0000211    0.0000000   -0.0001460    0.0010300
 DESMOND    0.0001860    0.0001671    0.0001460    0.0000000    0.0011760
  CHARMM   -0.0009900   -0.0010089   -0.0010300   -0.0011760    0.0000000

Bonded energy differences
                AMBER      GROMACS       LAMMPS      DESMOND       CHARMM
   AMBER    0.0000000    0.0000271    0.0000080   -0.0000658    0.0014800
 GROMACS   -0.0000271    0.0000000   -0.0000191   -0.0000929    0.0014529
  LAMMPS   -0.0000080    0.0000191    0.0000000   -0.0000738    0.0014720
 DESMOND    0.0000658    0.0000929    0.0000738    0.0000000    0.0015458
  CHARMM   -0.0014800   -0.0014529   -0.0014720   -0.0015458    0.0000000

LJ-14 energy differences
                AMBER      GROMACS       LAMMPS      DESMOND       CHARMM
   AMBER    0.0000000    0.0001122          n/a    0.0001537          n/a
 GROMACS   -0.0001122    0.0000000          n/a    0.0000415          n/a
  LAMMPS          n/a          n/a          n/a          n/a          n/a
 DESMOND   -0.0001537   -0.0000415          n/a    0.0000000          n/a
  CHARMM          n/a          n/a          n/a          n/a          n/a

Coulomb-14 energy differences
                AMBER      GROMACS       LAMMPS      DESMOND       CHARMM
   AMBER    0.0000000    0.0026975          n/a    0.0026759          n/a
 GROMACS   -0.0026975    0.0000000          n/a   -0.0000216          n/a
  LAMMPS          n/a          n/a          n/a          n/a          n/a
 DESMOND   -0.0026759    0.0000216          n/a    0.0000000          n/a
  CHARMM          n/a          n/a          n/a          n/a          n/a

van der Waals energy differences
                AMBER      GROMACS       LAMMPS      DESMOND       CHARMM
   AMBER    0.0000000    0.0759243    0.0812000          n/a   -0.0186100
 GROMACS   -0.0759243    0.0000000    0.0052757          n/a   -0.0945343
  LAMMPS   -0.0812000   -0.0052757    0.0000000          n/a   -0.0998100
 DESMOND          n/a          n/a          n/a          n/a          n/a
  CHARMM    0.0186100    0.0945343    0.0998100          n/a    0.0000000

Electrostatic energy differences
                AMBER      GROMACS       LAMMPS      DESMOND       CHARMM
   AMBER    0.0000000    0.9378842    1.0124000          n/a    1.5513100
 GROMACS   -0.9378842    0.0000000    0.0745158          n/a    0.6134258
  LAMMPS   -1.0124000   -0.0745158    0.0000000          n/a    0.5389100
 DESMOND          n/a          n/a          n/a          n/a          n/a
  CHARMM   -1.5513100   -0.6134258   -0.5389100          n/a    0.0000000

Nonbonded energy differences
                AMBER      GROMACS       LAMMPS      DESMOND       CHARMM
   AMBER    0.0000000    1.0138086    1.0936000          n/a    1.5327000
 GROMACS   -1.0138086    0.0000000    0.0797914          n/a    0.5188914
  LAMMPS   -1.0936000   -0.0797914    0.0000000          n/a    0.4391000
 DESMOND          n/a          n/a          n/a          n/a          n/a
  CHARMM   -1.5327000   -0.5188914   -0.4391000          n/a    0.0000000

Potential energy differences
                AMBER      GROMACS       LAMMPS      DESMOND       CHARMM
