
****************
CBC-G1
****************
                      AMBER      GROMACS       LAMMPS      DESMOND       CHARMM
          Bond     36.5212000     36.5299257     36.5299260     36.5288883     36.5230000
         Angle    113.5427000    113.5356907    113.5356900    113.5357420    113.5426300
 All dihedrals     67.7460000     67.7456659     67.7456680     67.7455134     67.7491900
        Bonded    217.8099000    217.8112823    217.8112840    217.8101437    217.8148200
         LJ-14     43.8416000     43.8413526            n/a     43.8413146            n/a
    Coulomb-14      0.8189000      0.8185207            n/a      0.8185109            n/a
 van der Waals   2921.5329000   2921.4714634   2921.4671000            n/a   2921.5450800
 Electrostatic -23992.6271000 -23993.4893499 -23993.5580000            n/a -23994.0978000
     Nonbonded -21071.0942000 -21072.0178865 -21072.0909000            n/a -21072.5527200
     Potential -20853.2843000 -20854.2066042 -20854.2760000 -20854.3672000 -20854.7378900

Bond energy differences
                AMBER      GROMACS       LAMMPS      DESMOND       CHARMM
   AMBER    0.0000000   -0.0087257   -0.0087260   -0.0076883   -0.0018000
 GROMACS    0.0087257    0.0000000   -0.0000003    0.0010374    0.0069257
  LAMMPS    0.0087260    0.0000003    0.0000000    0.0010377    0.0069260
 DESMOND    0.0076883   -0.0010374   -0.0010377    0.0000000    0.0058883
  CHARMM    0.0018000   -0.0069257   -0.0069260   -0.0058883    0.0000000

Angle energy differences
                AMBER      GROMACS       LAMMPS      DESMOND       CHARMM
   AMBER    0.0000000    0.0070093    0.0070100    0.0069580    0.0000700
 GROMACS   -0.0070093    0.0000000    0.0000007   -0.0000513   -0.0069393
  LAMMPS   -0.0070100   -0.0000007    0.0000000   -0.0000520   -0.0069400
 DESMOND   -0.0069580    0.0000513    0.0000520    0.0000000   -0.0068880
  CHARMM   -0.0000700    0.0069393    0.0069400    0.0068880    0.0000000

All dihedrals energy differences
                AMBER      GROMACS       LAMMPS      DESMOND       CHARMM
   AMBER    0.0000000    0.0003341    0.0003320    0.0004866   -0.0031900
 GROMACS   -0.0003341    0.0000000   -0.0000021    0.0001525   -0.0035241
  LAMMPS   -0.0003320    0.0000021    0.0000000    0.0001546   -0.0035220
 DESMOND   -0.0004866   -0.0001525   -0.0001546    0.0000000   -0.0036766
  CHARMM    0.0031900    0.0035241    0.0035220    0.0036766    0.0000000

Bonded energy differences
                AMBER      GROMACS       LAMMPS      DESMOND       CHARMM
   AMBER    0.0000000   -0.0013823   -0.0013840   -0.0002437   -0.0049200
 GROMACS    0.0013823    0.0000000   -0.0000017    0.0011386   -0.0035377
  LAMMPS    0.0013840    0.0000017    0.0000000    0.0011403   -0.0035360
 DESMOND    0.0002437   -0.0011386   -0.0011403    0.0000000   -0.0046763
  CHARMM    0.0049200    0.0035377    0.0035360    0.0046763    0.0000000

LJ-14 energy differences
                AMBER      GROMACS       LAMMPS      DESMOND       CHARMM
   AMBER    0.0000000    0.0002474          n/a    0.0002854          n/a
 GROMACS   -0.0002474    0.0000000          n/a    0.0000380          n/a
  LAMMPS          n/a          n/a          n/a          n/a          n/a
 DESMOND   -0.0002854   -0.0000380          n/a    0.0000000          n/a
  CHARMM          n/a          n/a          n/a          n/a          n/a

Coulomb-14 energy differences
                AMBER      GROMACS       LAMMPS      DESMOND       CHARMM
   AMBER    0.0000000    0.0003793          n/a    0.0003891          n/a
 GROMACS   -0.0003793    0.0000000          n/a    0.0000098          n/a
  LAMMPS          n/a          n/a          n/a          n/a          n/a
 DESMOND   -0.0003891   -0.0000098          n/a    0.0000000          n/a
  CHARMM          n/a          n/a          n/a          n/a          n/a

van der Waals energy differences
                AMBER      GROMACS       LAMMPS      DESMOND       CHARMM
   AMBER    0.0000000    0.0614366    0.0658000          n/a   -0.0121800
 GROMACS   -0.0614366    0.0000000    0.0043634          n/a   -0.0736166
  LAMMPS   -0.0658000   -0.0043634    0.0000000          n/a   -0.0779800
 DESMOND          n/a          n/a          n/a          n/a          n/a
  CHARMM    0.0121800    0.0736166    0.0779800          n/a    0.0000000

Electrostatic energy differences
                AMBER      GROMACS       LAMMPS      DESMOND       CHARMM
   AMBER    0.0000000    0.8622499    0.9309000          n/a    1.4707000
 GROMACS   -0.8622499    0.0000000    0.0686501          n/a    0.6084501
  LAMMPS   -0.9309000   -0.0686501    0.0000000          n/a    0.5398000
 DESMOND          n/a          n/a          n/a          n/a          n/a
  CHARMM   -1.4707000   -0.6084501   -0.5398000          n/a    0.0000000

Nonbonded energy differences
                AMBER      GROMACS       LAMMPS      DESMOND       CHARMM
   AMBER    0.0000000    0.9236865    0.9967000          n/a    1.4585200
 GROMACS   -0.9236865    0.0000000    0.0730135          n/a    0.5348335
  LAMMPS   -0.9967000   -0.0730135    0.0000000          n/a    0.4618200
 DESMOND          n/a          n/a          n/a          n/a          n/a
  CHARMM   -1.4585200   -0.5348335   -0.4618200          n/a    0.0000000

Potential energy differences
                AMBER      GROMACS       LAMMPS      DESMOND       CHARMM
   AMBER    0.0000000    0.9223042    0.9917000    1.0829000    1.4535900
 GROMACS   -0.9223042    0.0000000    0.0693958    0.1605958    0.5312858
  LAMMPS   -0.9917000   -0.0693958    0.0000000    0.0912000    0.4618900
 DESMOND   -1.0829000   -0.1605958   -0.0912000    0.0000000    0.3706900
  CHARMM   -1.4535900   -0.5312858   -0.4618900   -0.3706900    0.0000000

****************
CBC-G10
****************
                      AMBER      GROMACS       LAMMPS      DESMOND       CHARMM
          Bond     42.6187000     42.6316545     42.6316540     42.6324440     42.6177300
         Angle    132.0880000    132.0967958    132.0968000    132.0971040    132.0879300
 All dihedrals     78.1154000     78.1167183     78.1167060     78.1168222     78.1182800
        Bonded    252.8221000    252.8451686    252.8451600    252.8463702    252.8239400
         LJ-14     48.2048000     48.2055420            n/a     48.2055002            n/a
    Coulomb-14    -26.6324000    -26.6348988            n/a    -26.6349378            n/a
 van der Waals   2986.8106000   2986.7135203   2986.7085000            n/a   2986.8153500
 Electrostatic -24027.7386000 -24027.9081240 -24027.9320000            n/a -24028.5767100
     Nonbonded -21040.9280000 -21041.1946037 -21041.2235000            n/a -21041.7613600
     Potential -20788.1059000 -20788.3494350 -20788.3760000 -20788.4596000 -20788.9374300

Bond energy differences
                AMBER      GROMACS       LAMMPS      DESMOND       CHARMM
   AMBER    0.0000000   -0.0129545   -0.0129540   -0.0137440    0.0009700
 GROMACS    0.0129545    0.0000000    0.0000005   -0.0007895    0.0139245
  LAMMPS    0.0129540   -0.0000005    0.0000000   -0.0007900    0.0139240
 DESMOND    0.0137440    0.0007895    0.0007900    0.0000000    0.0147140
  CHARMM   -0.0009700   -0.0139245   -0.0139240   -0.0147140    0.0000000

Angle energy differences
                AMBER      GROMACS       LAMMPS      DESMOND       CHARMM
   AMBER    0.0000000   -0.0087958   -0.0088000   -0.0091040    0.0000700
 GROMACS    0.0087958    0.0000000   -0.0000042   -0.0003082    0.0088658
  LAMMPS    0.0088000    0.0000042    0.0000000   -0.0003040    0.0088700
 DESMOND    0.0091040    0.0003082    0.0003040    0.0000000    0.0091740
  CHARMM   -0.0000700   -0.0088658   -0.0088700   -0.0091740    0.0000000

All dihedrals energy differences
                AMBER      GROMACS       LAMMPS      DESMOND       CHARMM
   AMBER    0.0000000   -0.0013183   -0.0013060   -0.0014222   -0.0028800
 GROMACS    0.0013183    0.0000000    0.0000123   -0.0001039   -0.0015617
  LAMMPS    0.0013060   -0.0000123    0.0000000   -0.0001162   -0.0015740
 DESMOND    0.0014222    0.0001039    0.0001162    0.0000000   -0.0014578
  CHARMM    0.0028800    0.0015617    0.0015740    0.0014578    0.0000000

Bonded energy differences
                AMBER      GROMACS       LAMMPS      DESMOND       CHARMM
   AMBER    0.0000000   -0.0230686   -0.0230600   -0.0242702   -0.0018400
 GROMACS    0.0230686    0.0000000    0.0000086   -0.0012016    0.0212286
  LAMMPS    0.0230600   -0.0000086    0.0000000   -0.0012102    0.0212200
 DESMOND    0.0242702    0.0012016    0.0012102    0.0000000    0.0224302
  CHARMM    0.0018400   -0.0212286   -0.0212200   -0.0224302    0.0000000

LJ-14 energy differences
                AMBER      GROMACS       LAMMPS      DESMOND       CHARMM
   AMBER    0.0000000   -0.0007420          n/a   -0.0007002          n/a
 GROMACS    0.0007420    0.0000000          n/a    0.0000418          n/a
  LAMMPS          n/a          n/a          n/a          n/a          n/a
 DESMOND    0.0007002   -0.0000418          n/a    0.0000000          n/a
  CHARMM          n/a          n/a          n/a          n/a          n/a

Coulomb-14 energy differences
                AMBER      GROMACS       LAMMPS      DESMOND       CHARMM
   AMBER    0.0000000    0.0024988          n/a    0.0025378          n/a
 GROMACS   -0.0024988    0.0000000          n/a    0.0000390          n/a
  LAMMPS          n/a          n/a          n/a          n/a          n/a
 DESMOND   -0.0025378   -0.0000390          n/a    0.0000000          n/a
  CHARMM          n/a          n/a          n/a          n/a          n/a

van der Waals energy differences
                AMBER      GROMACS       LAMMPS      DESMOND       CHARMM
   AMBER    0.0000000    0.0970797    0.1021000          n/a   -0.0047500
 GROMACS   -0.0970797    0.0000000    0.0050203          n/a   -0.1018297
  LAMMPS   -0.1021000   -0.0050203    0.0000000          n/a   -0.1068500
 DESMOND          n/a          n/a          n/a          n/a          n/a
  CHARMM    0.0047500    0.1018297    0.1068500          n/a    0.0000000

Electrostatic energy differences
                AMBER      GROMACS       LAMMPS      DESMOND       CHARMM
   AMBER    0.0000000    0.1695240    0.1934000          n/a    0.8381100
 GROMACS   -0.1695240    0.0000000    0.0238760          n/a    0.6685860
  LAMMPS   -0.1934000   -0.0238760    0.0000000          n/a    0.6447100
 DESMOND          n/a          n/a          n/a          n/a          n/a
  CHARMM   -0.8381100   -0.6685860   -0.6447100          n/a    0.0000000

Nonbonded energy differences
                AMBER      GROMACS       LAMMPS      DESMOND       CHARMM
   AMBER    0.0000000    0.2666037    0.2955000          n/a    0.8333600
 GROMACS   -0.2666037    0.0000000    0.0288963          n/a    0.5667563
  LAMMPS   -0.2955000   -0.0288963    0.0000000          n/a    0.5378600
 DESMOND          n/a          n/a          n/a          n/a          n/a
  CHARMM   -0.8333600   -0.5667563   -0.5378600          n/a    0.0000000

Potential energy differences
                AMBER      GROMACS       LAMMPS      DESMOND       CHARMM
   AMBER    0.0000000    0.2435350    0.2701000    0.3537000    0.8315300
 GROMACS   -0.2435350    0.0000000    0.0265650    0.1101650    0.5879950
  LAMMPS   -0.2701000   -0.0265650    0.0000000    0.0836000    0.5614300
 DESMOND   -0.3537000   -0.1101650   -0.0836000    0.0000000    0.4778300
  CHARMM   -0.8315300   -0.5879950   -0.5614300   -0.4778300    0.0000000

****************
CBC-G2
****************
                      AMBER      GROMACS       LAMMPS      DESMOND       CHARMM
          Bond     30.5831000     30.5805992     30.5805990     30.5803443     30.5836000
         Angle    109.2753000    109.2790423    109.2790400    109.2790890    109.2740400
 All dihedrals     69.6058000     69.6051882     69.6051890     69.6053150     69.6089900
        Bonded    209.4642000    209.4648297    209.4648280    209.4647483    209.4666300
         LJ-14     40.1961000     40.1978806            n/a     40.1979980            n/a
    Coulomb-14    -19.9563000    -19.9575156            n/a    -19.9575898            n/a
 van der Waals   3017.0936000   3017.0669617   3017.0628000            n/a   3017.0853900
 Electrostatic -23970.2466000 -23971.0346658 -23971.0840000            n/a -23971.5823700
     Nonbonded -20953.1530000 -20953.9677041 -20954.0212000            n/a -20954.4969800
     Potential -20743.6888000 -20744.5028744 -20744.5600000 -20744.6857000 -20745.0303400

Bond energy differences
                AMBER      GROMACS       LAMMPS      DESMOND       CHARMM
   AMBER    0.0000000    0.0025009    0.0025010    0.0027557   -0.0005000
 GROMACS   -0.0025009    0.0000000    0.0000002    0.0002549   -0.0030008
  LAMMPS   -0.0025010   -0.0000002    0.0000000    0.0002547   -0.0030010
 DESMOND   -0.0027557   -0.0002549   -0.0002547    0.0000000   -0.0032557
  CHARMM    0.0005000    0.0030008    0.0030010    0.0032557    0.0000000

Angle energy differences
                AMBER      GROMACS       LAMMPS      DESMOND       CHARMM
   AMBER    0.0000000   -0.0037423   -0.0037400   -0.0037890    0.0012600
 GROMACS    0.0037423    0.0000000    0.0000023   -0.0000467    0.0050023
  LAMMPS    0.0037400   -0.0000023    0.0000000   -0.0000490    0.0050000
 DESMOND    0.0037890    0.0000467    0.0000490    0.0000000    0.0050490
  CHARMM   -0.0012600   -0.0050023   -0.0050000   -0.0050490    0.0000000

All dihedrals energy differences
                AMBER      GROMACS       LAMMPS      DESMOND       CHARMM
   AMBER    0.0000000    0.0006118    0.0006110    0.0004850   -0.0031900
 GROMACS   -0.0006118    0.0000000   -0.0000007   -0.0001268   -0.0038018
  LAMMPS   -0.0006110    0.0000007    0.0000000   -0.0001260   -0.0038010
 DESMOND   -0.0004850    0.0001268    0.0001260    0.0000000   -0.0036750
  CHARMM    0.0031900    0.0038018    0.0038010    0.0036750    0.0000000

Bonded energy differences
                AMBER      GROMACS       LAMMPS      DESMOND       CHARMM
   AMBER    0.0000000   -0.0006297   -0.0006280   -0.0005483   -0.0024300
 GROMACS    0.0006297    0.0000000    0.0000017    0.0000814   -0.0018003
  LAMMPS    0.0006280   -0.0000017    0.0000000    0.0000797   -0.0018020
 DESMOND    0.0005483   -0.0000814   -0.0000797    0.0000000   -0.0018817
  CHARMM    0.0024300    0.0018003    0.0018020    0.0018817    0.0000000

LJ-14 energy differences
                AMBER      GROMACS       LAMMPS      DESMOND       CHARMM
   AMBER    0.0000000   -0.0017806          n/a   -0.0018980          n/a
 GROMACS    0.0017806    0.0000000          n/a   -0.0001174          n/a
  LAMMPS          n/a          n/a          n/a          n/a          n/a
 DESMOND    0.0018980    0.0001174          n/a    0.0000000          n/a
  CHARMM          n/a          n/a          n/a          n/a          n/a

Coulomb-14 energy differences
                AMBER      GROMACS       LAMMPS      DESMOND       CHARMM
   AMBER    0.0000000    0.0012156          n/a    0.0012898          n/a
 GROMACS   -0.0012156    0.0000000          n/a    0.0000742          n/a
  LAMMPS          n/a          n/a          n/a          n/a          n/a
 DESMOND   -0.0012898   -0.0000742          n/a    0.0000000          n/a
  CHARMM          n/a          n/a          n/a          n/a          n/a

van der Waals energy differences
                AMBER      GROMACS       LAMMPS      DESMOND       CHARMM
   AMBER    0.0000000    0.0266383    0.0308000          n/a    0.0082100
 GROMACS   -0.0266383    0.0000000    0.0041617          n/a   -0.0184283
  LAMMPS   -0.0308000   -0.0041617    0.0000000          n/a   -0.0225900
 DESMOND          n/a          n/a          n/a          n/a          n/a
  CHARMM   -0.0082100    0.0184283    0.0225900          n/a    0.0000000

Electrostatic energy differences
                AMBER      GROMACS       LAMMPS      DESMOND       CHARMM
   AMBER    0.0000000    0.7880658    0.8374000          n/a    1.3357700
 GROMACS   -0.7880658    0.0000000    0.0493342          n/a    0.5477042
  LAMMPS   -0.8374000   -0.0493342    0.0000000          n/a    0.4983700
 DESMOND          n/a          n/a          n/a          n/a          n/a
  CHARMM   -1.3357700   -0.5477042   -0.4983700          n/a    0.0000000

Nonbonded energy differences
                AMBER      GROMACS       LAMMPS      DESMOND       CHARMM
   AMBER    0.0000000    0.8147041    0.8682000          n/a    1.3439800
 GROMACS   -0.8147041    0.0000000    0.0534959          n/a    0.5292759
  LAMMPS   -0.8682000   -0.0534959    0.0000000          n/a    0.4757800
 DESMOND          n/a          n/a          n/a          n/a          n/a
  CHARMM   -1.3439800   -0.5292759   -0.4757800          n/a    0.0000000

Potential energy differences
                AMBER      GROMACS       LAMMPS      DESMOND       CHARMM
   AMBER    0.0000000    0.8140744    0.8712000    0.9969000    1.3415400
 GROMACS   -0.8140744    0.0000000    0.0571256    0.1828256    0.5274656
  LAMMPS   -0.8712000   -0.0571256    0.0000000    0.1257000    0.4703400
 DESMOND   -0.9969000   -0.1828256   -0.1257000    0.0000000    0.3446400
  CHARMM   -1.3415400   -0.5274656   -0.4703400   -0.3446400    0.0000000

****************
CBC-G3
****************
                      AMBER      GROMACS       LAMMPS      DESMOND       CHARMM
          Bond     27.1751000     27.1700450     27.1700450     27.1692235     27.1742000
         Angle    131.4169000    131.4149753    131.4149800    131.4154840    131.4164000
 All dihedrals     72.5569000     72.5583107     72.5583230     72.5581335     72.5607200
        Bonded    231.1489000    231.1433310    231.1433480    231.1428410    231.1513200
         LJ-14     39.7093000     39.7100660            n/a     39.7101233            n/a
    Coulomb-14     43.2644000     43.2656052            n/a     43.2655794            n/a
 van der Waals   2936.3224000   2936.2157179   2936.2113000            n/a   2936.3281700
 Electrostatic -23665.1497000 -23666.0677585 -23666.1400000            n/a -23666.7040100
     Nonbonded -20728.8273000 -20729.8520406 -20729.9287000            n/a -20730.3758400
     Potential -20497.6784000 -20498.7087096 -20498.7870000 -20498.7305000 -20499.2245200

Bond energy differences
                AMBER      GROMACS       LAMMPS      DESMOND       CHARMM
   AMBER    0.0000000    0.0050550    0.0050550    0.0058765    0.0009000
 GROMACS   -0.0050550    0.0000000    0.0000000    0.0008215   -0.0041550
  LAMMPS   -0.0050550   -0.0000000    0.0000000    0.0008215   -0.0041550
 DESMOND   -0.0058765   -0.0008215   -0.0008215    0.0000000   -0.0049765
  CHARMM   -0.0009000    0.0041550    0.0041550    0.0049765    0.0000000

Angle energy differences
                AMBER      GROMACS       LAMMPS      DESMOND       CHARMM
   AMBER    0.0000000    0.0019247    0.0019200    0.0014160    0.0005000
 GROMACS   -0.0019247    0.0000000   -0.0000047   -0.0005087   -0.0014247
  LAMMPS   -0.0019200    0.0000047    0.0000000   -0.0005040   -0.0014200
 DESMOND   -0.0014160    0.0005087    0.0005040    0.0000000   -0.0009160
  CHARMM   -0.0005000    0.0014247    0.0014200    0.0009160    0.0000000

All dihedrals energy differences
                AMBER      GROMACS       LAMMPS      DESMOND       CHARMM
   AMBER    0.0000000   -0.0014107   -0.0014230   -0.0012335   -0.0038200
 GROMACS    0.0014107    0.0000000   -0.0000123    0.0001772   -0.0024093
  LAMMPS    0.0014230    0.0000123    0.0000000    0.0001895   -0.0023970
 DESMOND    0.0012335   -0.0001772   -0.0001895    0.0000000   -0.0025865
  CHARMM    0.0038200    0.0024093    0.0023970    0.0025865    0.0000000

Bonded energy differences
                AMBER      GROMACS       LAMMPS      DESMOND       CHARMM
   AMBER    0.0000000    0.0055690    0.0055520    0.0060590   -0.0024200
 GROMACS   -0.0055690    0.0000000   -0.0000170    0.0004900   -0.0079890
  LAMMPS   -0.0055520    0.0000170    0.0000000    0.0005070   -0.0079720
 DESMOND   -0.0060590   -0.0004900   -0.0005070    0.0000000   -0.0084790
  CHARMM    0.0024200    0.0079890    0.0079720    0.0084790    0.0000000

LJ-14 energy differences
                AMBER      GROMACS       LAMMPS      DESMOND       CHARMM
   AMBER    0.0000000   -0.0007660          n/a   -0.0008233          n/a
 GROMACS    0.0007660    0.0000000          n/a   -0.0000573          n/a
  LAMMPS          n/a          n/a          n/a          n/a          n/a
 DESMOND    0.0008233    0.0000573          n/a    0.0000000          n/a
  CHARMM          n/a          n/a          n/a          n/a          n/a

Coulomb-14 energy differences
                AMBER      GROMACS       LAMMPS      DESMOND       CHARMM
   AMBER    0.0000000   -0.0012052          n/a   -0.0011794          n/a
 GROMACS    0.0012052    0.0000000          n/a    0.0000258          n/a
  LAMMPS          n/a          n/a          n/a          n/a          n/a
 DESMOND    0.0011794   -0.0000258          n/a    0.0000000          n/a
  CHARMM          n/a          n/a          n/a          n/a          n/a

van der Waals energy differences
                AMBER      GROMACS       LAMMPS      DESMOND       CHARMM
   AMBER    0.0000000    0.1066821    0.1111000          n/a   -0.0057700
 GROMACS   -0.1066821    0.0000000    0.0044179          n/a   -0.1124521
  LAMMPS   -0.1111000   -0.0044179    0.0000000          n/a   -0.1168700
 DESMOND          n/a          n/a          n/a          n/a          n/a
  CHARMM    0.0057700    0.1124521    0.1168700          n/a    0.0000000

Electrostatic energy differences
                AMBER      GROMACS       LAMMPS      DESMOND       CHARMM
   AMBER    0.0000000    0.9180585    0.9903000          n/a    1.5543100
 GROMACS   -0.9180585    0.0000000    0.0722415          n/a    0.6362515
  LAMMPS   -0.9903000   -0.0722415    0.0000000          n/a    0.5640100
 DESMOND          n/a          n/a          n/a          n/a          n/a
  CHARMM   -1.5543100   -0.6362515   -0.5640100          n/a    0.0000000

Nonbonded energy differences
                AMBER      GROMACS       LAMMPS      DESMOND       CHARMM
   AMBER    0.0000000    1.0247406    1.1014000          n/a    1.5485400
 GROMACS   -1.0247406    0.0000000    0.0766594          n/a    0.5237994
  LAMMPS   -1.1014000   -0.0766594    0.0000000          n/a    0.4471400
 DESMOND          n/a          n/a          n/a          n/a          n/a
  CHARMM   -1.5485400   -0.5237994   -0.4471400          n/a    0.0000000

Potential energy differences
                AMBER      GROMACS       LAMMPS      DESMOND       CHARMM
   AMBER    0.0000000    1.0303096    1.1086000    1.0521000    1.5461200
 GROMACS   -1.0303096    0.0000000    0.0782904    0.0217904    0.5158104
  LAMMPS   -1.1086000   -0.0782904    0.0000000   -0.0565000    0.4375200
 DESMOND   -1.0521000   -0.0217904    0.0565000    0.0000000    0.4940200
  CHARMM   -1.5461200   -0.5158104   -0.4375200   -0.4940200    0.0000000

****************
CBC-G4
****************
                      AMBER      GROMACS       LAMMPS      DESMOND       CHARMM
          Bond     41.2239000     41.2445633     41.2445630     41.2458805     41.2232100
         Angle    111.3790000    111.3819067    111.3819100    111.3817210    111.3785600
 All dihedrals     72.7377000     72.7374780     72.7374770     72.7372326     72.7413100
        Bonded    225.3406000    225.3639480    225.3639500    225.3648341    225.3430800
         LJ-14     50.6664000     50.6667200            n/a     50.6668384            n/a
    Coulomb-14   -192.6630000   -192.6696341            n/a   -192.6696740            n/a
 van der Waals   3056.6283000   3056.5124545   3056.5078000            n/a   3056.6309400
 Electrostatic -24136.1799000 -24137.0456804 -24137.1100000            n/a -24137.6418400
     Nonbonded -21079.5516000 -21080.5332259 -21080.6022000            n/a -21081.0109000
     Potential -20854.2110000 -20855.1692780 -20855.2430000 -20855.4038000 -20855.6678100

Bond energy differences
                AMBER      GROMACS       LAMMPS      DESMOND       CHARMM
   AMBER    0.0000000   -0.0206633   -0.0206630   -0.0219805    0.0006900
 GROMACS    0.0206633    0.0000000    0.0000003   -0.0013172    0.0213533
  LAMMPS    0.0206630   -0.0000003    0.0000000   -0.0013175    0.0213530
 DESMOND    0.0219805    0.0013172    0.0013175    0.0000000    0.0226705
  CHARMM   -0.0006900   -0.0213533   -0.0213530   -0.0226705    0.0000000

Angle energy differences
                AMBER      GROMACS       LAMMPS      DESMOND       CHARMM
   AMBER    0.0000000   -0.0029067   -0.0029100   -0.0027210    0.0004400
 GROMACS    0.0029067    0.0000000   -0.0000033    0.0001857    0.0033467
  LAMMPS    0.0029100    0.0000033    0.0000000    0.0001890    0.0033500
 DESMOND    0.0027210   -0.0001857   -0.0001890    0.0000000    0.0031610
  CHARMM   -0.0004400   -0.0033467   -0.0033500   -0.0031610    0.0000000

All dihedrals energy differences
                AMBER      GROMACS       LAMMPS      DESMOND       CHARMM
   AMBER    0.0000000    0.0002220    0.0002230    0.0004674   -0.0036100
 GROMACS   -0.0002220    0.0000000    0.0000010    0.0002454   -0.0038320
  LAMMPS   -0.0002230   -0.0000010    0.0000000    0.0002444   -0.0038330
 DESMOND   -0.0004674   -0.0002454   -0.0002444    0.0000000   -0.0040774
  CHARMM    0.0036100    0.0038320    0.0038330    0.0040774    0.0000000

Bonded energy differences
                AMBER      GROMACS       LAMMPS      DESMOND       CHARMM
   AMBER    0.0000000   -0.0233480   -0.0233500   -0.0242341   -0.0024800
 GROMACS    0.0233480    0.0000000   -0.0000020   -0.0008861    0.0208680
  LAMMPS    0.0233500    0.0000020    0.0000000   -0.0008841    0.0208700
 DESMOND    0.0242341    0.0008861    0.0008841    0.0000000    0.0217541
  CHARMM    0.0024800   -0.0208680   -0.0208700   -0.0217541    0.0000000

LJ-14 energy differences
                AMBER      GROMACS       LAMMPS      DESMOND       CHARMM
   AMBER    0.0000000   -0.0003200          n/a   -0.0004384          n/a
 GROMACS    0.0003200    0.0000000          n/a   -0.0001184          n/a
  LAMMPS          n/a          n/a          n/a          n/a          n/a
 DESMOND    0.0004384    0.0001184          n/a    0.0000000          n/a
  CHARMM          n/a          n/a          n/a          n/a          n/a

Coulomb-14 energy differences
                AMBER      GROMACS       LAMMPS      DESMOND       CHARMM
   AMBER    0.0000000    0.0066341          n/a    0.0066740          n/a
 GROMACS   -0.0066341    0.0000000          n/a    0.0000399          n/a
  LAMMPS          n/a          n/a          n/a          n/a          n/a
 DESMOND   -0.0066740   -0.0000399          n/a    0.0000000          n/a
  CHARMM          n/a          n/a          n/a          n/a          n/a

van der Waals energy differences
                AMBER      GROMACS       LAMMPS      DESMOND       CHARMM
   AMBER    0.0000000    0.1158455    0.1205000          n/a   -0.0026400
 GROMACS   -0.1158455    0.0000000    0.0046545          n/a   -0.1184855
  LAMMPS   -0.1205000   -0.0046545    0.0000000          n/a   -0.1231400
 DESMOND          n/a          n/a          n/a          n/a          n/a
  CHARMM    0.0026400    0.1184855    0.1231400          n/a    0.0000000

Electrostatic energy differences
                AMBER      GROMACS       LAMMPS      DESMOND       CHARMM
   AMBER    0.0000000    0.8657804    0.9301000          n/a    1.4619400
 GROMACS   -0.8657804    0.0000000    0.0643196          n/a    0.5961596
  LAMMPS   -0.9301000   -0.0643196    0.0000000          n/a    0.5318400
 DESMOND          n/a          n/a          n/a          n/a          n/a
  CHARMM   -1.4619400   -0.5961596   -0.5318400          n/a    0.0000000

Nonbonded energy differences
                AMBER      GROMACS       LAMMPS      DESMOND       CHARMM
   AMBER    0.0000000    0.9816260    1.0506000          n/a    1.4593000
 GROMACS   -0.9816260    0.0000000    0.0689741          n/a    0.4776741
  LAMMPS   -1.0506000   -0.0689741    0.0000000          n/a    0.4087000
 DESMOND          n/a          n/a          n/a          n/a          n/a
  CHARMM   -1.4593000   -0.4776741   -0.4087000          n/a    0.0000000

Potential energy differences
                AMBER      GROMACS       LAMMPS      DESMOND       CHARMM
   AMBER    0.0000000    0.9582780    1.0320000    1.1928000    1.4568100
 GROMACS   -0.9582780    0.0000000    0.0737220    0.2345220    0.4985320
  LAMMPS   -1.0320000   -0.0737220    0.0000000    0.1608000    0.4248100
 DESMOND   -1.1928000   -0.2345220   -0.1608000    0.0000000    0.2640100
  CHARMM   -1.4568100   -0.4985320   -0.4248100   -0.2640100    0.0000000

****************
CBC-G5
****************
                      AMBER      GROMACS       LAMMPS      DESMOND       CHARMM
          Bond     35.3521000     35.3639484     35.3639480     35.3629150     35.3535600
         Angle    120.6785000    120.6862144    120.6862100    120.6851430    120.6783200
 All dihedrals     73.5783000     73.5751952     73.5751910     73.5750863     73.5811700
        Bonded    229.6089000    229.6253580    229.6253490    229.6231443    229.6130500
         LJ-14     54.2804000     54.2808313            n/a     54.2807991            n/a
    Coulomb-14    -60.9676000    -60.9706727            n/a    -60.9707708            n/a
 van der Waals   2988.4319000   2988.3366602   2988.3318000            n/a   2988.4273400
 Electrostatic -23969.3361000 -23969.7772368 -23969.8220000            n/a -23970.4782200
     Nonbonded -20980.9042000 -20981.4405766 -20981.4902000            n/a -20982.0508800
     Potential -20751.2953000 -20751.8152187 -20751.8670000 -20752.0798000 -20752.4378200

Bond energy differences
                AMBER      GROMACS       LAMMPS      DESMOND       CHARMM
   AMBER    0.0000000   -0.0118484   -0.0118480   -0.0108150   -0.0014600
 GROMACS    0.0118484    0.0000000    0.0000004    0.0010334    0.0103884
  LAMMPS    0.0118480   -0.0000004    0.0000000    0.0010330    0.0103880
 DESMOND    0.0108150   -0.0010334   -0.0010330    0.0000000    0.0093550
  CHARMM    0.0014600   -0.0103884   -0.0103880   -0.0093550    0.0000000

Angle energy differences
                AMBER      GROMACS       LAMMPS      DESMOND       CHARMM
   AMBER    0.0000000   -0.0077144   -0.0077100   -0.0066430    0.0001800
 GROMACS    0.0077144    0.0000000    0.0000044    0.0010714    0.0078944
  LAMMPS    0.0077100   -0.0000044    0.0000000    0.0010670    0.0078900
 DESMOND    0.0066430   -0.0010714   -0.0010670    0.0000000    0.0068230
  CHARMM   -0.0001800   -0.0078944   -0.0078900   -0.0068230    0.0000000

All dihedrals energy differences
                AMBER      GROMACS       LAMMPS      DESMOND       CHARMM
   AMBER    0.0000000    0.0031048    0.0031090    0.0032137   -0.0028700
 GROMACS   -0.0031048    0.0000000    0.0000042    0.0001089   -0.0059748
  LAMMPS   -0.0031090   -0.0000042    0.0000000    0.0001047   -0.0059790
 DESMOND   -0.0032137   -0.0001089   -0.0001047    0.0000000   -0.0060837
  CHARMM    0.0028700    0.0059748    0.0059790    0.0060837    0.0000000

Bonded energy differences
                AMBER      GROMACS       LAMMPS      DESMOND       CHARMM
   AMBER    0.0000000   -0.0164580   -0.0164490   -0.0142443   -0.0041500
 GROMACS    0.0164580    0.0000000    0.0000090    0.0022137    0.0123080
  LAMMPS    0.0164490   -0.0000090    0.0000000    0.0022047    0.0122990
 DESMOND    0.0142443   -0.0022137   -0.0022047    0.0000000    0.0100943
  CHARMM    0.0041500   -0.0123080   -0.0122990   -0.0100943    0.0000000

LJ-14 energy differences
                AMBER      GROMACS       LAMMPS      DESMOND       CHARMM
   AMBER    0.0000000   -0.0004313          n/a   -0.0003991          n/a
 GROMACS    0.0004313    0.0000000          n/a    0.0000322          n/a
  LAMMPS          n/a          n/a          n/a          n/a          n/a
 DESMOND    0.0003991   -0.0000322          n/a    0.0000000          n/a
  CHARMM          n/a          n/a          n/a          n/a          n/a

Coulomb-14 energy differences
                AMBER      GROMACS       LAMMPS      DESMOND       CHARMM
   AMBER    0.0000000    0.0030727          n/a    0.0031708          n/a
 GROMACS   -0.0030727    0.0000000          n/a    0.0000981          n/a
  LAMMPS          n/a          n/a          n/a          n/a          n/a
 DESMOND   -0.0031708   -0.0000981          n/a    0.0000000          n/a
  CHARMM          n/a          n/a          n/a          n/a          n/a

van der Waals energy differences
                AMBER      GROMACS       LAMMPS      DESMOND       CHARMM
   AMBER    0.0000000    0.0952398    0.1001000          n/a    0.0045600
 GROMACS   -0.0952398    0.0000000    0.0048602          n/a   -0.0906798
  LAMMPS   -0.1001000   -0.0048602    0.0000000          n/a   -0.0955400
 DESMOND          n/a          n/a          n/a          n/a          n/a
  CHARMM   -0.0045600    0.0906798    0.0955400          n/a    0.0000000

Electrostatic energy differences
                AMBER      GROMACS       LAMMPS      DESMOND       CHARMM
   AMBER    0.0000000    0.4411368    0.4859000          n/a    1.1421200
 GROMACS   -0.4411368    0.0000000    0.0447632          n/a    0.7009832
  LAMMPS   -0.4859000   -0.0447632    0.0000000          n/a    0.6562200
 DESMOND          n/a          n/a          n/a          n/a          n/a
  CHARMM   -1.1421200   -0.7009832   -0.6562200          n/a    0.0000000

Nonbonded energy differences
                AMBER      GROMACS       LAMMPS      DESMOND       CHARMM
   AMBER    0.0000000    0.5363766    0.5860000          n/a    1.1466800
 GROMACS   -0.5363766    0.0000000    0.0496234          n/a    0.6103034
  LAMMPS   -0.5860000   -0.0496234    0.0000000          n/a    0.5606800
 DESMOND          n/a          n/a          n/a          n/a          n/a
  CHARMM   -1.1466800   -0.6103034   -0.5606800          n/a    0.0000000

Potential energy differences
                AMBER      GROMACS       LAMMPS      DESMOND       CHARMM
   AMBER    0.0000000    0.5199187    0.5717000    0.7845000    1.1425200
 GROMACS   -0.5199187    0.0000000    0.0517813    0.2645813    0.6226013
  LAMMPS   -0.5717000   -0.0517813    0.0000000    0.2128000    0.5708200
 DESMOND   -0.7845000   -0.2645813   -0.2128000    0.0000000    0.3580200
  CHARMM   -1.1425200   -0.6226013   -0.5708200   -0.3580200    0.0000000

****************
CBC-G6
****************
                      AMBER      GROMACS       LAMMPS      DESMOND       CHARMM
          Bond     38.2150000     38.2024929     38.2024930     38.2030603     38.2146500
         Angle    119.9128000    119.9068703    119.9068700    119.9068480    119.9133100
 All dihedrals     80.0268000     80.0295371     80.0295490     80.0294390     80.0311600
        Bonded    238.1546000    238.1389003    238.1389120    238.1393473    238.1591200
         LJ-14     62.5586000     62.5572316            n/a     62.5573526            n/a
    Coulomb-14    -35.1057000    -35.1070527            n/a    -35.1070285            n/a
 van der Waals   3063.6191000   3063.5173940   3063.5121000            n/a   3063.6309300
 Electrostatic -24024.2047000 -24024.8078379 -24024.8660000            n/a -24025.5236300
     Nonbonded -20960.5856000 -20961.2904439 -20961.3539000            n/a -20961.8927000
     Potential -20722.4310000 -20723.1515435 -20723.2120000 -20723.2416000 -20723.7335900

Bond energy differences
                AMBER      GROMACS       LAMMPS      DESMOND       CHARMM
   AMBER    0.0000000    0.0125071    0.0125070    0.0119397    0.0003500
 GROMACS   -0.0125071    0.0000000   -0.0000001   -0.0005674   -0.0121571
  LAMMPS   -0.0125070    0.0000001    0.0000000   -0.0005673   -0.0121570
 DESMOND   -0.0119397    0.0005674    0.0005673    0.0000000   -0.0115897
  CHARMM   -0.0003500    0.0121571    0.0121570    0.0115897    0.0000000

Angle energy differences
                AMBER      GROMACS       LAMMPS      DESMOND       CHARMM
   AMBER    0.0000000    0.0059297    0.0059300    0.0059520   -0.0005100
 GROMACS   -0.0059297    0.0000000    0.0000003    0.0000223   -0.0064397
  LAMMPS   -0.0059300   -0.0000003    0.0000000    0.0000220   -0.0064400
 DESMOND   -0.0059520   -0.0000223   -0.0000220    0.0000000   -0.0064620
  CHARMM    0.0005100    0.0064397    0.0064400    0.0064620    0.0000000

All dihedrals energy differences
                AMBER      GROMACS       LAMMPS      DESMOND       CHARMM
   AMBER    0.0000000   -0.0027371   -0.0027490   -0.0026390   -0.0043600
 GROMACS    0.0027371    0.0000000   -0.0000119    0.0000981   -0.0016229
  LAMMPS    0.0027490    0.0000119    0.0000000    0.0001100   -0.0016110
 DESMOND    0.0026390   -0.0000981   -0.0001100    0.0000000   -0.0017210
  CHARMM    0.0043600    0.0016229    0.0016110    0.0017210    0.0000000

Bonded energy differences
                AMBER      GROMACS       LAMMPS      DESMOND       CHARMM
   AMBER    0.0000000    0.0156997    0.0156880    0.0152527   -0.0045200
 GROMACS   -0.0156997    0.0000000   -0.0000117   -0.0004470   -0.0202197
  LAMMPS   -0.0156880    0.0000117    0.0000000   -0.0004353   -0.0202080
 DESMOND   -0.0152527    0.0004470    0.0004353    0.0000000   -0.0197727
  CHARMM    0.0045200    0.0202197    0.0202080    0.0197727    0.0000000

LJ-14 energy differences
                AMBER      GROMACS       LAMMPS      DESMOND       CHARMM
   AMBER    0.0000000    0.0013684          n/a    0.0012474          n/a
 GROMACS   -0.0013684    0.0000000          n/a   -0.0001210          n/a
  LAMMPS          n/a          n/a          n/a          n/a          n/a
 DESMOND   -0.0012474    0.0001210          n/a    0.0000000          n/a
  CHARMM          n/a          n/a          n/a          n/a          n/a

Coulomb-14 energy differences
                AMBER      GROMACS       LAMMPS      DESMOND       CHARMM
   AMBER    0.0000000    0.0013527          n/a    0.0013285          n/a
 GROMACS   -0.0013527    0.0000000          n/a   -0.0000242          n/a
  LAMMPS          n/a          n/a          n/a          n/a          n/a
 DESMOND   -0.0013285    0.0000242          n/a    0.0000000          n/a
  CHARMM          n/a          n/a          n/a          n/a          n/a

van der Waals energy differences
                AMBER      GROMACS       LAMMPS      DESMOND       CHARMM
   AMBER    0.0000000    0.1017060    0.1070000          n/a   -0.0118300
 GROMACS   -0.1017060    0.0000000    0.0052940          n/a   -0.1135360
  LAMMPS   -0.1070000   -0.0052940    0.0000000          n/a   -0.1188300
 DESMOND          n/a          n/a          n/a          n/a          n/a
  CHARMM    0.0118300    0.1135360    0.1188300          n/a    0.0000000

Electrostatic energy differences
                AMBER      GROMACS       LAMMPS      DESMOND       CHARMM
   AMBER    0.0000000    0.6031379    0.6613000          n/a    1.3189300
 GROMACS   -0.6031379    0.0000000    0.0581621          n/a    0.7157921
  LAMMPS   -0.6613000   -0.0581621    0.0000000          n/a    0.6576300
 DESMOND          n/a          n/a          n/a          n/a          n/a
  CHARMM   -1.3189300   -0.7157921   -0.6576300          n/a    0.0000000

Nonbonded energy differences
                AMBER      GROMACS       LAMMPS      DESMOND       CHARMM
   AMBER    0.0000000    0.7048439    0.7683000          n/a    1.3071000
 GROMACS   -0.7048439    0.0000000    0.0634561          n/a    0.6022561
  LAMMPS   -0.7683000   -0.0634561    0.0000000          n/a    0.5388000
 DESMOND          n/a          n/a          n/a          n/a          n/a
  CHARMM   -1.3071000   -0.6022561   -0.5388000          n/a    0.0000000

Potential energy differences
                AMBER      GROMACS       LAMMPS      DESMOND       CHARMM
