
****************
CBC-G1
****************
                      AMBER      GROMACS       LAMMPS      DESMOND       CHARMM
          Bond     36.5212000     35.7554236     35.7554240     35.7556651     37.0796100
         Angle    113.5427000    113.6534515    113.6534500    113.6541400    113.4491100
 All dihedrals     67.7460000     67.9850480     67.9850490     67.9851683     67.7412300
        Bonded    217.8099000    217.3939231    217.3939230    217.3949734    218.2699500
         LJ-14     43.8416000     43.9311128            n/a     43.9311299            n/a
    Coulomb-14      0.8189000      0.8173960            n/a      0.8173528            n/a
 van der Waals   2921.5329000   2922.7260320   2922.7217000            n/a   2921.6184800
 Electrostatic -23992.6271000 -23991.2727518 -23991.3290000            n/a -23993.0847400
     Nonbonded -21071.0942000 -21068.5467198 -21068.6073000            n/a -21071.4662600
     Potential -20853.2843000 -20851.1527967 -20851.2170000 -20851.3151000 -20853.1962900

Bond energy differences
                AMBER      GROMACS       LAMMPS      DESMOND       CHARMM
   AMBER    0.0000000    0.7657764    0.7657760    0.7655349   -0.5584100
 GROMACS   -0.7657764    0.0000000   -0.0000004   -0.0002415   -1.3241864
  LAMMPS   -0.7657760    0.0000004    0.0000000   -0.0002411   -1.3241860
 DESMOND   -0.7655349    0.0002415    0.0002411    0.0000000   -1.3239449
  CHARMM    0.5584100    1.3241864    1.3241860    1.3239449    0.0000000

Angle energy differences
                AMBER      GROMACS       LAMMPS      DESMOND       CHARMM
   AMBER    0.0000000   -0.1107515   -0.1107500   -0.1114400    0.0935900
 GROMACS    0.1107515    0.0000000    0.0000015   -0.0006885    0.2043415
  LAMMPS    0.1107500   -0.0000015    0.0000000   -0.0006900    0.2043400
 DESMOND    0.1114400    0.0006885    0.0006900    0.0000000    0.2050300
  CHARMM   -0.0935900   -0.2043415   -0.2043400   -0.2050300    0.0000000

All dihedrals energy differences
                AMBER      GROMACS       LAMMPS      DESMOND       CHARMM
   AMBER    0.0000000   -0.2390480   -0.2390490   -0.2391683    0.0047700
 GROMACS    0.2390480    0.0000000   -0.0000010   -0.0001203    0.2438180
  LAMMPS    0.2390490    0.0000010    0.0000000   -0.0001193    0.2438190
 DESMOND    0.2391683    0.0001203    0.0001193    0.0000000    0.2439383
  CHARMM   -0.0047700   -0.2438180   -0.2438190   -0.2439383    0.0000000

Bonded energy differences
                AMBER      GROMACS       LAMMPS      DESMOND       CHARMM
   AMBER    0.0000000    0.4159769    0.4159770    0.4149266   -0.4600500
 GROMACS   -0.4159769    0.0000000    0.0000001   -0.0010503   -0.8760269
  LAMMPS   -0.4159770   -0.0000001    0.0000000   -0.0010504   -0.8760270
 DESMOND   -0.4149266    0.0010503    0.0010504    0.0000000   -0.8749766
  CHARMM    0.4600500    0.8760269    0.8760270    0.8749766    0.0000000

LJ-14 energy differences
                AMBER      GROMACS       LAMMPS      DESMOND       CHARMM
   AMBER    0.0000000   -0.0895128          n/a   -0.0895299          n/a
 GROMACS    0.0895128    0.0000000          n/a   -0.0000171          n/a
  LAMMPS          n/a          n/a          n/a          n/a          n/a
 DESMOND    0.0895299    0.0000171          n/a    0.0000000          n/a
  CHARMM          n/a          n/a          n/a          n/a          n/a

Coulomb-14 energy differences
                AMBER      GROMACS       LAMMPS      DESMOND       CHARMM
   AMBER    0.0000000    0.0015040          n/a    0.0015472          n/a
 GROMACS   -0.0015040    0.0000000          n/a    0.0000432          n/a
  LAMMPS          n/a          n/a          n/a          n/a          n/a
 DESMOND   -0.0015472   -0.0000432          n/a    0.0000000          n/a
  CHARMM          n/a          n/a          n/a          n/a          n/a

van der Waals energy differences
                AMBER      GROMACS       LAMMPS      DESMOND       CHARMM
   AMBER    0.0000000   -1.1931320   -1.1888000          n/a   -0.0855800
 GROMACS    1.1931320    0.0000000    0.0043320          n/a    1.1075520
  LAMMPS    1.1888000   -0.0043320    0.0000000          n/a    1.1032200
 DESMOND          n/a          n/a          n/a          n/a          n/a
  CHARMM    0.0855800   -1.1075520   -1.1032200          n/a    0.0000000

Electrostatic energy differences
                AMBER      GROMACS       LAMMPS      DESMOND       CHARMM
   AMBER    0.0000000   -1.3543482   -1.2981000          n/a    0.4576400
 GROMACS    1.3543482    0.0000000    0.0562482          n/a    1.8119882
  LAMMPS    1.2981000   -0.0562482    0.0000000          n/a    1.7557400
 DESMOND          n/a          n/a          n/a          n/a          n/a
  CHARMM   -0.4576400   -1.8119882   -1.7557400          n/a    0.0000000

Nonbonded energy differences
                AMBER      GROMACS       LAMMPS      DESMOND       CHARMM
   AMBER    0.0000000   -2.5474802   -2.4869000          n/a    0.3720600
 GROMACS    2.5474802    0.0000000    0.0605802          n/a    2.9195402
  LAMMPS    2.4869000   -0.0605802    0.0000000          n/a    2.8589600
 DESMOND          n/a          n/a          n/a          n/a          n/a
  CHARMM   -0.3720600   -2.9195402   -2.8589600          n/a    0.0000000

Potential energy differences
                AMBER      GROMACS       LAMMPS      DESMOND       CHARMM
   AMBER    0.0000000   -2.1315033   -2.0673000   -1.9692000   -0.0880100
 GROMACS    2.1315033    0.0000000    0.0642033    0.1623033    2.0434933
  LAMMPS    2.0673000   -0.0642033    0.0000000    0.0981000    1.9792900
 DESMOND    1.9692000   -0.1623033   -0.0981000    0.0000000    1.8811900
  CHARMM    0.0880100   -2.0434933   -1.9792900   -1.8811900    0.0000000

****************
CBC-G10
****************
                      AMBER      GROMACS       LAMMPS      DESMOND       CHARMM
          Bond     42.6187000     44.1867457     44.1867460     44.1873269     43.1980200
         Angle    132.0880000    133.4843023    133.4843000    133.4843060    132.0804700
 All dihedrals     78.1154000     77.9410109     77.9410000     77.9407843     78.1045700
        Bonded    252.8221000    255.6120589    255.6120460    255.6124172    253.3830600
         LJ-14     48.2048000     48.0738779            n/a     48.0739051            n/a
    Coulomb-14    -26.6324000    -26.8171925            n/a    -26.8172699            n/a
 van der Waals   2986.8106000   2987.1425881   2987.1376000            n/a   2987.2208900
 Electrostatic -24027.7386000 -24022.0386058 -24022.0610000            n/a -24029.6690700
     Nonbonded -21040.9280000 -21034.8960177 -21034.9234000            n/a -21042.4481800
     Potential -20788.1059000 -20779.2839588 -20779.3110000 -20779.3966000 -20789.0651200

Bond energy differences
                AMBER      GROMACS       LAMMPS      DESMOND       CHARMM
   AMBER    0.0000000   -1.5680457   -1.5680460   -1.5686269   -0.5793200
 GROMACS    1.5680457    0.0000000   -0.0000003   -0.0005812    0.9887257
  LAMMPS    1.5680460    0.0000003    0.0000000   -0.0005809    0.9887260
 DESMOND    1.5686269    0.0005812    0.0005809    0.0000000    0.9893069
  CHARMM    0.5793200   -0.9887257   -0.9887260   -0.9893069    0.0000000

Angle energy differences
                AMBER      GROMACS       LAMMPS      DESMOND       CHARMM
   AMBER    0.0000000   -1.3963023   -1.3963000   -1.3963060    0.0075300
 GROMACS    1.3963023    0.0000000    0.0000023   -0.0000037    1.4038323
  LAMMPS    1.3963000   -0.0000023    0.0000000   -0.0000060    1.4038300
 DESMOND    1.3963060    0.0000037    0.0000060    0.0000000    1.4038360
  CHARMM   -0.0075300   -1.4038323   -1.4038300   -1.4038360    0.0000000

All dihedrals energy differences
                AMBER      GROMACS       LAMMPS      DESMOND       CHARMM
   AMBER    0.0000000    0.1743891    0.1744000    0.1746157    0.0108300
 GROMACS   -0.1743891    0.0000000    0.0000109    0.0002266   -0.1635591
  LAMMPS   -0.1744000   -0.0000109    0.0000000    0.0002157   -0.1635700
 DESMOND   -0.1746157   -0.0002266   -0.0002157    0.0000000   -0.1637857
  CHARMM   -0.0108300    0.1635591    0.1635700    0.1637857    0.0000000

Bonded energy differences
                AMBER      GROMACS       LAMMPS      DESMOND       CHARMM
   AMBER    0.0000000   -2.7899589   -2.7899460   -2.7903172   -0.5609600
 GROMACS    2.7899589    0.0000000    0.0000129   -0.0003583    2.2289989
  LAMMPS    2.7899460   -0.0000129    0.0000000   -0.0003712    2.2289860
 DESMOND    2.7903172    0.0003583    0.0003712    0.0000000    2.2293572
  CHARMM    0.5609600   -2.2289989   -2.2289860   -2.2293572    0.0000000

LJ-14 energy differences
                AMBER      GROMACS       LAMMPS      DESMOND       CHARMM
   AMBER    0.0000000    0.1309221          n/a    0.1308949          n/a
 GROMACS   -0.1309221    0.0000000          n/a   -0.0000272          n/a
  LAMMPS          n/a          n/a          n/a          n/a          n/a
 DESMOND   -0.1308949    0.0000272          n/a    0.0000000          n/a
  CHARMM          n/a          n/a          n/a          n/a          n/a

Coulomb-14 energy differences
                AMBER      GROMACS       LAMMPS      DESMOND       CHARMM
   AMBER    0.0000000    0.1847924          n/a    0.1848699          n/a
 GROMACS   -0.1847924    0.0000000          n/a    0.0000774          n/a
  LAMMPS          n/a          n/a          n/a          n/a          n/a
 DESMOND   -0.1848699   -0.0000774          n/a    0.0000000          n/a
  CHARMM          n/a          n/a          n/a          n/a          n/a

van der Waals energy differences
                AMBER      GROMACS       LAMMPS      DESMOND       CHARMM
   AMBER    0.0000000   -0.3319881   -0.3270000          n/a   -0.4102900
 GROMACS    0.3319881    0.0000000    0.0049881          n/a   -0.0783019
  LAMMPS    0.3270000   -0.0049881    0.0000000          n/a   -0.0832900
 DESMOND          n/a          n/a          n/a          n/a          n/a
  CHARMM    0.4102900    0.0783019    0.0832900          n/a    0.0000000

Electrostatic energy differences
                AMBER      GROMACS       LAMMPS      DESMOND       CHARMM
   AMBER    0.0000000   -5.6999942   -5.6776000          n/a    1.9304700
 GROMACS    5.6999942    0.0000000    0.0223942          n/a    7.6304642
  LAMMPS    5.6776000   -0.0223942    0.0000000          n/a    7.6080700
 DESMOND          n/a          n/a          n/a          n/a          n/a
  CHARMM   -1.9304700   -7.6304642   -7.6080700          n/a    0.0000000

Nonbonded energy differences
                AMBER      GROMACS       LAMMPS      DESMOND       CHARMM
   AMBER    0.0000000   -6.0319823   -6.0046000          n/a    1.5201800
 GROMACS    6.0319823    0.0000000    0.0273823          n/a    7.5521623
  LAMMPS    6.0046000   -0.0273823    0.0000000          n/a    7.5247800
 DESMOND          n/a          n/a          n/a          n/a          n/a
  CHARMM   -1.5201800   -7.5521623   -7.5247800          n/a    0.0000000

Potential energy differences
                AMBER      GROMACS       LAMMPS      DESMOND       CHARMM
   AMBER    0.0000000   -8.8219412   -8.7949000   -8.7093000    0.9592200
 GROMACS    8.8219412    0.0000000    0.0270412    0.1126412    9.7811612
  LAMMPS    8.7949000   -0.0270412    0.0000000    0.0856000    9.7541200
 DESMOND    8.7093000   -0.1126412   -0.0856000    0.0000000    9.6685200
  CHARMM   -0.9592200   -9.7811612   -9.7541200   -9.6685200    0.0000000

****************
CBC-G2
****************
                      AMBER      GROMACS       LAMMPS      DESMOND       CHARMM
          Bond     30.5831000     30.7216106     30.7216110     30.7212605     31.1247700
         Angle    109.2753000    110.2185005    110.2185000    110.2188560    109.2673000
 All dihedrals     69.6058000     69.6889698     69.6889710     69.6887461     69.6753700
        Bonded    209.4642000    210.6290809    210.6290820    210.6288626    210.0674400
         LJ-14     40.1961000     40.2520312            n/a     40.2520360            n/a
    Coulomb-14    -19.9563000    -19.9388923            n/a    -19.9388766            n/a
 van der Waals   3017.0936000   3017.3827774   3017.3786000            n/a   3017.0477800
 Electrostatic -23970.2466000 -23973.9802251 -23974.0420000            n/a -23971.4255100
     Nonbonded -20953.1530000 -20956.5974477 -20956.6634000            n/a -20954.3777300
     Potential -20743.6888000 -20745.9683668 -20746.0330000 -20746.1466000 -20744.3102800

Bond energy differences
                AMBER      GROMACS       LAMMPS      DESMOND       CHARMM
   AMBER    0.0000000   -0.1385106   -0.1385110   -0.1381605   -0.5416700
 GROMACS    0.1385106    0.0000000   -0.0000004    0.0003501   -0.4031594
  LAMMPS    0.1385110    0.0000004    0.0000000    0.0003505   -0.4031590
 DESMOND    0.1381605   -0.0003501   -0.0003505    0.0000000   -0.4035095
  CHARMM    0.5416700    0.4031594    0.4031590    0.4035095    0.0000000

Angle energy differences
                AMBER      GROMACS       LAMMPS      DESMOND       CHARMM
   AMBER    0.0000000   -0.9432005   -0.9432000   -0.9435560    0.0080000
 GROMACS    0.9432005    0.0000000    0.0000005   -0.0003555    0.9512005
  LAMMPS    0.9432000   -0.0000005    0.0000000   -0.0003560    0.9512000
 DESMOND    0.9435560    0.0003555    0.0003560    0.0000000    0.9515560
  CHARMM   -0.0080000   -0.9512005   -0.9512000   -0.9515560    0.0000000

All dihedrals energy differences
                AMBER      GROMACS       LAMMPS      DESMOND       CHARMM
   AMBER    0.0000000   -0.0831698   -0.0831710   -0.0829461   -0.0695700
 GROMACS    0.0831698    0.0000000   -0.0000012    0.0002237    0.0135998
  LAMMPS    0.0831710    0.0000012    0.0000000    0.0002249    0.0136010
 DESMOND    0.0829461   -0.0002237   -0.0002249    0.0000000    0.0133761
  CHARMM    0.0695700   -0.0135998   -0.0136010   -0.0133761    0.0000000

Bonded energy differences
                AMBER      GROMACS       LAMMPS      DESMOND       CHARMM
   AMBER    0.0000000   -1.1648809   -1.1648820   -1.1646626   -0.6032400
 GROMACS    1.1648809    0.0000000   -0.0000011    0.0002183    0.5616409
  LAMMPS    1.1648820    0.0000011    0.0000000    0.0002194    0.5616420
 DESMOND    1.1646626   -0.0002183   -0.0002194    0.0000000    0.5614226
  CHARMM    0.6032400   -0.5616409   -0.5616420   -0.5614226    0.0000000

LJ-14 energy differences
                AMBER      GROMACS       LAMMPS      DESMOND       CHARMM
   AMBER    0.0000000   -0.0559312          n/a   -0.0559360          n/a
 GROMACS    0.0559312    0.0000000          n/a   -0.0000048          n/a
  LAMMPS          n/a          n/a          n/a          n/a          n/a
 DESMOND    0.0559360    0.0000048          n/a    0.0000000          n/a
  CHARMM          n/a          n/a          n/a          n/a          n/a

Coulomb-14 energy differences
                AMBER      GROMACS       LAMMPS      DESMOND       CHARMM
   AMBER    0.0000000   -0.0174076          n/a   -0.0174234          n/a
 GROMACS    0.0174076    0.0000000          n/a   -0.0000157          n/a
  LAMMPS          n/a          n/a          n/a          n/a          n/a
 DESMOND    0.0174234    0.0000157          n/a    0.0000000          n/a
  CHARMM          n/a          n/a          n/a          n/a          n/a

van der Waals energy differences
                AMBER      GROMACS       LAMMPS      DESMOND       CHARMM
   AMBER    0.0000000   -0.2891774   -0.2850000          n/a    0.0458200
 GROMACS    0.2891774    0.0000000    0.0041774          n/a    0.3349974
  LAMMPS    0.2850000   -0.0041774    0.0000000          n/a    0.3308200
 DESMOND          n/a          n/a          n/a          n/a          n/a
  CHARMM   -0.0458200   -0.3349974   -0.3308200          n/a    0.0000000

Electrostatic energy differences
                AMBER      GROMACS       LAMMPS      DESMOND       CHARMM
   AMBER    0.0000000    3.7336251    3.7954000          n/a    1.1789100
 GROMACS   -3.7336251    0.0000000    0.0617749          n/a   -2.5547151
  LAMMPS   -3.7954000   -0.0617749    0.0000000          n/a   -2.6164900
 DESMOND          n/a          n/a          n/a          n/a          n/a
  CHARMM   -1.1789100    2.5547151    2.6164900          n/a    0.0000000

Nonbonded energy differences
                AMBER      GROMACS       LAMMPS      DESMOND       CHARMM
   AMBER    0.0000000    3.4444477    3.5104000          n/a    1.2247300
 GROMACS   -3.4444477    0.0000000    0.0659523          n/a   -2.2197177
  LAMMPS   -3.5104000   -0.0659523    0.0000000          n/a   -2.2856700
 DESMOND          n/a          n/a          n/a          n/a          n/a
  CHARMM   -1.2247300    2.2197177    2.2856700          n/a    0.0000000

Potential energy differences
                AMBER      GROMACS       LAMMPS      DESMOND       CHARMM
   AMBER    0.0000000    2.2795668    2.3442000    2.4578000    0.6214800
 GROMACS   -2.2795668    0.0000000    0.0646332    0.1782332   -1.6580868
  LAMMPS   -2.3442000   -0.0646332    0.0000000    0.1136000   -1.7227200
 DESMOND   -2.4578000   -0.1782332   -0.1136000    0.0000000   -1.8363200
  CHARMM   -0.6214800    1.6580868    1.7227200    1.8363200    0.0000000

****************
CBC-G3
****************
                      AMBER      GROMACS       LAMMPS      DESMOND       CHARMM
          Bond     27.1751000     28.5978217     28.5978220     28.5980717     27.8058300
         Angle    131.4169000    131.7682314    131.7682300    131.7686490    131.3719400
 All dihedrals     72.5569000     72.3050534     72.3050660     72.3050595     72.6004900
        Bonded    231.1489000    232.6711065    232.6711180    232.6717802    231.7782600
         LJ-14     39.7093000     39.6300508            n/a     39.6300374            n/a
    Coulomb-14     43.2644000     43.4133553            n/a     43.4132768            n/a
 van der Waals   2936.3224000   2934.3020005   2934.2976000            n/a   2935.9903500
 Electrostatic -23665.1497000 -23670.1021333 -23670.1790000            n/a -23666.5883100
     Nonbonded -20728.8273000 -20735.8001328 -20735.8814000            n/a -20730.5979600
     Potential -20497.6784000 -20503.1290263 -20503.2130000 -20503.1478000 -20498.8196900

Bond energy differences
                AMBER      GROMACS       LAMMPS      DESMOND       CHARMM
   AMBER    0.0000000   -1.4227217   -1.4227220   -1.4229717   -0.6307300
 GROMACS    1.4227217    0.0000000   -0.0000003   -0.0002500    0.7919917
  LAMMPS    1.4227220    0.0000003    0.0000000   -0.0002497    0.7919920
 DESMOND    1.4229717    0.0002500    0.0002497    0.0000000    0.7922417
  CHARMM    0.6307300   -0.7919917   -0.7919920   -0.7922417    0.0000000

Angle energy differences
                AMBER      GROMACS       LAMMPS      DESMOND       CHARMM
   AMBER    0.0000000   -0.3513314   -0.3513300   -0.3517490    0.0449600
 GROMACS    0.3513314    0.0000000    0.0000014   -0.0004176    0.3962914
  LAMMPS    0.3513300   -0.0000014    0.0000000   -0.0004190    0.3962900
 DESMOND    0.3517490    0.0004176    0.0004190    0.0000000    0.3967090
  CHARMM   -0.0449600   -0.3962914   -0.3962900   -0.3967090    0.0000000

All dihedrals energy differences
                AMBER      GROMACS       LAMMPS      DESMOND       CHARMM
   AMBER    0.0000000    0.2518466    0.2518340    0.2518405   -0.0435900
 GROMACS   -0.2518466    0.0000000   -0.0000126   -0.0000061   -0.2954366
  LAMMPS   -0.2518340    0.0000126    0.0000000    0.0000065   -0.2954240
 DESMOND   -0.2518405    0.0000061   -0.0000065    0.0000000   -0.2954305
  CHARMM    0.0435900    0.2954366    0.2954240    0.2954305    0.0000000

Bonded energy differences
                AMBER      GROMACS       LAMMPS      DESMOND       CHARMM
   AMBER    0.0000000   -1.5222065   -1.5222180   -1.5228802   -0.6293600
 GROMACS    1.5222065    0.0000000   -0.0000115   -0.0006737    0.8928465
  LAMMPS    1.5222180    0.0000115    0.0000000   -0.0006622    0.8928580
 DESMOND    1.5228802    0.0006737    0.0006622    0.0000000    0.8935202
  CHARMM    0.6293600   -0.8928465   -0.8928580   -0.8935202    0.0000000

LJ-14 energy differences
                AMBER      GROMACS       LAMMPS      DESMOND       CHARMM
   AMBER    0.0000000    0.0792492          n/a    0.0792626          n/a
 GROMACS   -0.0792492    0.0000000          n/a    0.0000134          n/a
  LAMMPS          n/a          n/a          n/a          n/a          n/a
 DESMOND   -0.0792626   -0.0000134          n/a    0.0000000          n/a
  CHARMM          n/a          n/a          n/a          n/a          n/a

Coulomb-14 energy differences
                AMBER      GROMACS       LAMMPS      DESMOND       CHARMM
   AMBER    0.0000000   -0.1489553          n/a   -0.1488768          n/a
 GROMACS    0.1489553    0.0000000          n/a    0.0000785          n/a
  LAMMPS          n/a          n/a          n/a          n/a          n/a
 DESMOND    0.1488768   -0.0000785          n/a    0.0000000          n/a
  CHARMM          n/a          n/a          n/a          n/a          n/a

van der Waals energy differences
                AMBER      GROMACS       LAMMPS      DESMOND       CHARMM
   AMBER    0.0000000    2.0203995    2.0248000          n/a    0.3320500
 GROMACS   -2.0203995    0.0000000    0.0044005          n/a   -1.6883495
  LAMMPS   -2.0248000   -0.0044005    0.0000000          n/a   -1.6927500
 DESMOND          n/a          n/a          n/a          n/a          n/a
  CHARMM   -0.3320500    1.6883495    1.6927500          n/a    0.0000000

Electrostatic energy differences
                AMBER      GROMACS       LAMMPS      DESMOND       CHARMM
   AMBER    0.0000000    4.9524333    5.0293000          n/a    1.4386100
 GROMACS   -4.9524333    0.0000000    0.0768667          n/a   -3.5138233
  LAMMPS   -5.0293000   -0.0768667    0.0000000          n/a   -3.5906900
 DESMOND          n/a          n/a          n/a          n/a          n/a
  CHARMM   -1.4386100    3.5138233    3.5906900          n/a    0.0000000

Nonbonded energy differences
                AMBER      GROMACS       LAMMPS      DESMOND       CHARMM
   AMBER    0.0000000    6.9728328    7.0541000          n/a    1.7706600
 GROMACS   -6.9728328    0.0000000    0.0812672          n/a   -5.2021728
  LAMMPS   -7.0541000   -0.0812672    0.0000000          n/a   -5.2834400
 DESMOND          n/a          n/a          n/a          n/a          n/a
  CHARMM   -1.7706600    5.2021728    5.2834400          n/a    0.0000000

Potential energy differences
                AMBER      GROMACS       LAMMPS      DESMOND       CHARMM
   AMBER    0.0000000    5.4506263    5.5346000    5.4694000    1.1412900
 GROMACS   -5.4506263    0.0000000    0.0839737    0.0187737   -4.3093363
  LAMMPS   -5.5346000   -0.0839737    0.0000000   -0.0652000   -4.3933100
 DESMOND   -5.4694000   -0.0187737    0.0652000    0.0000000   -4.3281100
  CHARMM   -1.1412900    4.3093363    4.3933100    4.3281100    0.0000000

****************
CBC-G4
****************
                      AMBER      GROMACS       LAMMPS      DESMOND       CHARMM
          Bond     41.2239000     41.0888414     41.0888410     41.0881733     41.7364900
         Angle    111.3790000    112.6159907    112.6159900    112.6155430    111.4208200
 All dihedrals     72.7377000     72.1732902     72.1732890     72.1734106     72.7609100
        Bonded    225.3406000    225.8781223    225.8781200    225.8771269    225.9182200
         LJ-14     50.6664000     50.7911818            n/a     50.7911814            n/a
    Coulomb-14   -192.6630000   -192.8325671            n/a   -192.8325950            n/a
 van der Waals   3056.6283000   3057.8493331   3057.8447000            n/a   3056.6338100
 Electrostatic -24136.1799000 -24142.9459383 -24143.0090000            n/a -24137.7174500
     Nonbonded -21079.5516000 -21085.0966052 -21085.1643000            n/a -21081.0836400
     Potential -20854.2110000 -20859.2184829 -20859.2880000 -20859.4662000 -20855.1654300

Bond energy differences
                AMBER      GROMACS       LAMMPS      DESMOND       CHARMM
   AMBER    0.0000000    0.1350586    0.1350590    0.1357267   -0.5125900
 GROMACS   -0.1350586    0.0000000    0.0000004    0.0006681   -0.6476487
  LAMMPS   -0.1350590   -0.0000004    0.0000000    0.0006677   -0.6476490
 DESMOND   -0.1357267   -0.0006681   -0.0006677    0.0000000   -0.6483167
  CHARMM    0.5125900    0.6476487    0.6476490    0.6483167    0.0000000

Angle energy differences
                AMBER      GROMACS       LAMMPS      DESMOND       CHARMM
   AMBER    0.0000000   -1.2369907   -1.2369900   -1.2365430   -0.0418200
 GROMACS    1.2369907    0.0000000    0.0000007    0.0004477    1.1951707
  LAMMPS    1.2369900   -0.0000007    0.0000000    0.0004470    1.1951700
 DESMOND    1.2365430   -0.0004477   -0.0004470    0.0000000    1.1947230
  CHARMM    0.0418200   -1.1951707   -1.1951700   -1.1947230    0.0000000

All dihedrals energy differences
                AMBER      GROMACS       LAMMPS      DESMOND       CHARMM
   AMBER    0.0000000    0.5644098    0.5644110    0.5642894   -0.0232100
 GROMACS   -0.5644098    0.0000000    0.0000012   -0.0001204   -0.5876198
  LAMMPS   -0.5644110   -0.0000012    0.0000000   -0.0001216   -0.5876210
 DESMOND   -0.5642894    0.0001204    0.0001216    0.0000000   -0.5874994
  CHARMM    0.0232100    0.5876198    0.5876210    0.5874994    0.0000000

Bonded energy differences
                AMBER      GROMACS       LAMMPS      DESMOND       CHARMM
   AMBER    0.0000000   -0.5375223   -0.5375200   -0.5365269   -0.5776200
 GROMACS    0.5375223    0.0000000    0.0000023    0.0009954   -0.0400977
  LAMMPS    0.5375200   -0.0000023    0.0000000    0.0009931   -0.0401000
 DESMOND    0.5365269   -0.0009954   -0.0009931    0.0000000   -0.0410931
  CHARMM    0.5776200    0.0400977    0.0401000    0.0410931    0.0000000

LJ-14 energy differences
                AMBER      GROMACS       LAMMPS      DESMOND       CHARMM
   AMBER    0.0000000   -0.1247818          n/a   -0.1247814          n/a
 GROMACS    0.1247818    0.0000000          n/a    0.0000004          n/a
  LAMMPS          n/a          n/a          n/a          n/a          n/a
 DESMOND    0.1247814   -0.0000004          n/a    0.0000000          n/a
  CHARMM          n/a          n/a          n/a          n/a          n/a

Coulomb-14 energy differences
                AMBER      GROMACS       LAMMPS      DESMOND       CHARMM
   AMBER    0.0000000    0.1695671          n/a    0.1695950          n/a
 GROMACS   -0.1695671    0.0000000          n/a    0.0000279          n/a
  LAMMPS          n/a          n/a          n/a          n/a          n/a
 DESMOND   -0.1695950   -0.0000279          n/a    0.0000000          n/a
  CHARMM          n/a          n/a          n/a          n/a          n/a

van der Waals energy differences
                AMBER      GROMACS       LAMMPS      DESMOND       CHARMM
   AMBER    0.0000000   -1.2210331   -1.2164000          n/a   -0.0055100
 GROMACS    1.2210331    0.0000000    0.0046330          n/a    1.2155231
  LAMMPS    1.2164000   -0.0046330    0.0000000          n/a    1.2108900
 DESMOND          n/a          n/a          n/a          n/a          n/a
  CHARMM    0.0055100   -1.2155231   -1.2108900          n/a    0.0000000

Electrostatic energy differences
                AMBER      GROMACS       LAMMPS      DESMOND       CHARMM
   AMBER    0.0000000    6.7660383    6.8291000          n/a    1.5375500
 GROMACS   -6.7660383    0.0000000    0.0630617          n/a   -5.2284883
  LAMMPS   -6.8291000   -0.0630617    0.0000000          n/a   -5.2915500
 DESMOND          n/a          n/a          n/a          n/a          n/a
  CHARMM   -1.5375500    5.2284883    5.2915500          n/a    0.0000000

Nonbonded energy differences
                AMBER      GROMACS       LAMMPS      DESMOND       CHARMM
   AMBER    0.0000000    5.5450052    5.6127000          n/a    1.5320400
 GROMACS   -5.5450052    0.0000000    0.0676948          n/a   -4.0129652
  LAMMPS   -5.6127000   -0.0676948    0.0000000          n/a   -4.0806600
 DESMOND          n/a          n/a          n/a          n/a          n/a
  CHARMM   -1.5320400    4.0129652    4.0806600          n/a    0.0000000

Potential energy differences
                AMBER      GROMACS       LAMMPS      DESMOND       CHARMM
   AMBER    0.0000000    5.0074829    5.0770000    5.2552000    0.9544300
 GROMACS   -5.0074829    0.0000000    0.0695171    0.2477171   -4.0530529
  LAMMPS   -5.0770000   -0.0695171    0.0000000    0.1782000   -4.1225700
 DESMOND   -5.2552000   -0.2477171   -0.1782000    0.0000000   -4.3007700
  CHARMM   -0.9544300    4.0530529    4.1225700    4.3007700    0.0000000

****************
CBC-G5
****************
                      AMBER      GROMACS       LAMMPS      DESMOND       CHARMM
          Bond     35.3521000     37.0923302     37.0923300     37.0925203     36.0200800
         Angle    120.6785000    119.1935796    119.1935800    119.1935980    120.6653900
 All dihedrals     73.5783000     73.8056814     73.8056770     73.8054968     73.5577800
        Bonded    229.6089000    230.0915912    230.0915870    230.0916151    230.2432500
         LJ-14     54.2804000     54.2491977            n/a     54.2491849            n/a
    Coulomb-14    -60.9676000    -60.9497438            n/a    -60.9497885            n/a
 van der Waals   2988.4319000   2987.1098642   2987.1050000            n/a   2988.2625900
 Electrostatic -23969.3361000 -23976.9180704 -23976.9670000            n/a -23970.5551700
     Nonbonded -20980.9042000 -20989.8082062 -20989.8620000            n/a -20982.2925800
     Potential -20751.2953000 -20759.7166150 -20759.7720000 -20759.9847000 -20752.0493400

Bond energy differences
                AMBER      GROMACS       LAMMPS      DESMOND       CHARMM
   AMBER    0.0000000   -1.7402302   -1.7402300   -1.7404203   -0.6679800
 GROMACS    1.7402302    0.0000000    0.0000002   -0.0001901    1.0722502
  LAMMPS    1.7402300   -0.0000002    0.0000000   -0.0001903    1.0722500
 DESMOND    1.7404203    0.0001901    0.0001903    0.0000000    1.0724403
  CHARMM    0.6679800   -1.0722502   -1.0722500   -1.0724403    0.0000000

Angle energy differences
                AMBER      GROMACS       LAMMPS      DESMOND       CHARMM
   AMBER    0.0000000    1.4849204    1.4849200    1.4849020    0.0131100
 GROMACS   -1.4849204    0.0000000   -0.0000004   -0.0000184   -1.4718104
  LAMMPS   -1.4849200    0.0000004    0.0000000   -0.0000180   -1.4718100
 DESMOND   -1.4849020    0.0000184    0.0000180    0.0000000   -1.4717920
  CHARMM   -0.0131100    1.4718104    1.4718100    1.4717920    0.0000000

All dihedrals energy differences
                AMBER      GROMACS       LAMMPS      DESMOND       CHARMM
   AMBER    0.0000000   -0.2273814   -0.2273770   -0.2271968    0.0205200
 GROMACS    0.2273814    0.0000000    0.0000044    0.0001846    0.2479014
  LAMMPS    0.2273770   -0.0000044    0.0000000    0.0001802    0.2478970
 DESMOND    0.2271968   -0.0001846   -0.0001802    0.0000000    0.2477168
  CHARMM   -0.0205200   -0.2479014   -0.2478970   -0.2477168    0.0000000

Bonded energy differences
                AMBER      GROMACS       LAMMPS      DESMOND       CHARMM
   AMBER    0.0000000   -0.4826912   -0.4826870   -0.4827151   -0.6343500
 GROMACS    0.4826912    0.0000000    0.0000042   -0.0000239   -0.1516588
  LAMMPS    0.4826870   -0.0000042    0.0000000   -0.0000281   -0.1516630
 DESMOND    0.4827151    0.0000239    0.0000281    0.0000000   -0.1516349
  CHARMM    0.6343500    0.1516588    0.1516630    0.1516349    0.0000000

LJ-14 energy differences
                AMBER      GROMACS       LAMMPS      DESMOND       CHARMM
   AMBER    0.0000000    0.0312023          n/a    0.0312151          n/a
 GROMACS   -0.0312023    0.0000000          n/a    0.0000128          n/a
  LAMMPS          n/a          n/a          n/a          n/a          n/a
 DESMOND   -0.0312151   -0.0000128          n/a    0.0000000          n/a
  CHARMM          n/a          n/a          n/a          n/a          n/a

Coulomb-14 energy differences
                AMBER      GROMACS       LAMMPS      DESMOND       CHARMM
   AMBER    0.0000000   -0.0178562          n/a   -0.0178115          n/a
 GROMACS    0.0178562    0.0000000          n/a    0.0000447          n/a
  LAMMPS          n/a          n/a          n/a          n/a          n/a
 DESMOND    0.0178115   -0.0000447          n/a    0.0000000          n/a
  CHARMM          n/a          n/a          n/a          n/a          n/a

van der Waals energy differences
                AMBER      GROMACS       LAMMPS      DESMOND       CHARMM
   AMBER    0.0000000    1.3220358    1.3269000          n/a    0.1693100
 GROMACS   -1.3220358    0.0000000    0.0048642          n/a   -1.1527258
  LAMMPS   -1.3269000   -0.0048642    0.0000000          n/a   -1.1575900
 DESMOND          n/a          n/a          n/a          n/a          n/a
  CHARMM   -0.1693100    1.1527258    1.1575900          n/a    0.0000000

Electrostatic energy differences
                AMBER      GROMACS       LAMMPS      DESMOND       CHARMM
   AMBER    0.0000000    7.5819704    7.6309000          n/a    1.2190700
 GROMACS   -7.5819704    0.0000000    0.0489296          n/a   -6.3629004
  LAMMPS   -7.6309000   -0.0489296    0.0000000          n/a   -6.4118300
 DESMOND          n/a          n/a          n/a          n/a          n/a
  CHARMM   -1.2190700    6.3629004    6.4118300          n/a    0.0000000

Nonbonded energy differences
                AMBER      GROMACS       LAMMPS      DESMOND       CHARMM
   AMBER    0.0000000    8.9040062    8.9578000          n/a    1.3883800
 GROMACS   -8.9040062    0.0000000    0.0537938          n/a   -7.5156262
  LAMMPS   -8.9578000   -0.0537938    0.0000000          n/a   -7.5694200
 DESMOND          n/a          n/a          n/a          n/a          n/a
  CHARMM   -1.3883800    7.5156262    7.5694200          n/a    0.0000000

Potential energy differences
                AMBER      GROMACS       LAMMPS      DESMOND       CHARMM
   AMBER    0.0000000    8.4213150    8.4767000    8.6894000    0.7540400
 GROMACS   -8.4213150    0.0000000    0.0553850    0.2680850   -7.6672750
  LAMMPS   -8.4767000   -0.0553850    0.0000000    0.2127000   -7.7226600
 DESMOND   -8.6894000   -0.2680850   -0.2127000    0.0000000   -7.9353600
  CHARMM   -0.7540400    7.6672750    7.7226600    7.9353600    0.0000000

****************
CBC-G6
****************
                      AMBER      GROMACS       LAMMPS      DESMOND       CHARMM
          Bond     38.2150000     39.3095402     39.3095400     39.3094194     38.8204600
         Angle    119.9128000    120.7734319    120.7734300    120.7730530    119.8040100
 All dihedrals     80.0268000     80.3943303     80.3943420     80.3941374     80.0431400
        Bonded    238.1546000    240.4773024    240.4773120    240.4766098    238.6676100
         LJ-14     62.5586000     62.7670044            n/a     62.7670361            n/a
    Coulomb-14    -35.1057000    -35.1833858            n/a    -35.1834260            n/a
 van der Waals   3063.6191000   3060.7448006   3060.7395000            n/a   3063.6163100
 Electrostatic -24024.2047000 -24022.7899717 -24022.8500000            n/a -24025.6625300
     Nonbonded -20960.5856000 -20962.0451711 -20962.1105000            n/a -20962.0462200
     Potential -20722.4310000 -20721.5678687 -20721.6330000 -20721.6595000 -20723.3786200

Bond energy differences
                AMBER      GROMACS       LAMMPS      DESMOND       CHARMM
   AMBER    0.0000000   -1.0945402   -1.0945400   -1.0944194   -0.6054600
 GROMACS    1.0945402    0.0000000    0.0000002    0.0001208    0.4890802
  LAMMPS    1.0945400   -0.0000002    0.0000000    0.0001206    0.4890800
 DESMOND    1.0944194   -0.0001208   -0.0001206    0.0000000    0.4889594
  CHARMM    0.6054600   -0.4890802   -0.4890800   -0.4889594    0.0000000

Angle energy differences
                AMBER      GROMACS       LAMMPS      DESMOND       CHARMM
   AMBER    0.0000000   -0.8606319   -0.8606300   -0.8602530    0.1087900
 GROMACS    0.8606319    0.0000000    0.0000019    0.0003789    0.9694219
  LAMMPS    0.8606300   -0.0000019    0.0000000    0.0003770    0.9694200
 DESMOND    0.8602530   -0.0003789   -0.0003770    0.0000000    0.9690430
  CHARMM   -0.1087900   -0.9694219   -0.9694200   -0.9690430    0.0000000

All dihedrals energy differences
                AMBER      GROMACS       LAMMPS      DESMOND       CHARMM
   AMBER    0.0000000   -0.3675303   -0.3675420   -0.3673374   -0.0163400
 GROMACS    0.3675303    0.0000000   -0.0000117    0.0001929    0.3511903
  LAMMPS    0.3675420    0.0000117    0.0000000    0.0002046    0.3512020
 DESMOND    0.3673374   -0.0001929   -0.0002046    0.0000000    0.3509974
  CHARMM    0.0163400   -0.3511903   -0.3512020   -0.3509974    0.0000000

Bonded energy differences
                AMBER      GROMACS       LAMMPS      DESMOND       CHARMM
   AMBER    0.0000000   -2.3227024   -2.3227120   -2.3220098   -0.5130100
 GROMACS    2.3227024    0.0000000   -0.0000096    0.0006926    1.8096924
  LAMMPS    2.3227120    0.0000096    0.0000000    0.0007022    1.8097020
 DESMOND    2.3220098   -0.0006926   -0.0007022    0.0000000    1.8089998
  CHARMM    0.5130100   -1.8096924   -1.8097020   -1.8089998    0.0000000

LJ-14 energy differences
                AMBER      GROMACS       LAMMPS      DESMOND       CHARMM
   AMBER    0.0000000   -0.2084044          n/a   -0.2084361          n/a
 GROMACS    0.2084044    0.0000000          n/a   -0.0000317          n/a
  LAMMPS          n/a          n/a          n/a          n/a          n/a
 DESMOND    0.2084361    0.0000317          n/a    0.0000000          n/a
  CHARMM          n/a          n/a          n/a          n/a          n/a

Coulomb-14 energy differences
                AMBER      GROMACS       LAMMPS      DESMOND       CHARMM
   AMBER    0.0000000    0.0776858          n/a    0.0777260          n/a
 GROMACS   -0.0776858    0.0000000          n/a    0.0000402          n/a
  LAMMPS          n/a          n/a          n/a          n/a          n/a
 DESMOND   -0.0777260   -0.0000402          n/a    0.0000000          n/a
  CHARMM          n/a          n/a          n/a          n/a          n/a

van der Waals energy differences
                AMBER      GROMACS       LAMMPS      DESMOND       CHARMM
   AMBER    0.0000000    2.8742994    2.8796000          n/a    0.0027900
 GROMACS   -2.8742994    0.0000000    0.0053006          n/a   -2.8715093
  LAMMPS   -2.8796000   -0.0053006    0.0000000          n/a   -2.8768100
 DESMOND          n/a          n/a          n/a          n/a          n/a
  CHARMM   -0.0027900    2.8715093    2.8768100          n/a    0.0000000

Electrostatic energy differences
                AMBER      GROMACS       LAMMPS      DESMOND       CHARMM
   AMBER    0.0000000   -1.4147283   -1.3547000          n/a    1.4578300
 GROMACS    1.4147283    0.0000000    0.0600283          n/a    2.8725583
  LAMMPS    1.3547000   -0.0600283    0.0000000          n/a    2.8125300
 DESMOND          n/a          n/a          n/a          n/a          n/a
  CHARMM   -1.4578300   -2.8725583   -2.8125300          n/a    0.0000000

Nonbonded energy differences
                AMBER      GROMACS       LAMMPS      DESMOND       CHARMM
   AMBER    0.0000000    1.4595711    1.5249000          n/a    1.4606200
 GROMACS   -1.4595711    0.0000000    0.0653289          n/a    0.0010489
  LAMMPS   -1.5249000   -0.0653289    0.0000000          n/a   -0.0642800
 DESMOND          n/a          n/a          n/a          n/a          n/a
  CHARMM   -1.4606200   -0.0010489    0.0642800          n/a    0.0000000

Potential energy differences
                AMBER      GROMACS       LAMMPS      DESMOND       CHARMM
