
****************
CBC-G1
****************
                      AMBER      GROMACS       LAMMPS      DESMOND       CHARMM
          Bond     36.5212000     36.4968269     36.4968270     36.4972303     36.5358900
         Angle    113.5427000    113.4495005    113.4495000    113.4495780    113.5353000
 All dihedrals     67.7460000     67.7377416     67.7377430     67.7379568     67.7491600
        Bonded    217.8099000    217.6840689    217.6840700    217.6847651    217.8203500
         LJ-14     43.8416000     43.8444897            n/a     43.8446584            n/a
    Coulomb-14      0.8189000      0.8144447            n/a      0.8144282            n/a
 van der Waals   2921.5329000   2921.5536826   2921.5494000            n/a   2921.5358100
 Electrostatic -23992.6271000 -23992.5348184 -23992.6010000            n/a -23994.0493500
     Nonbonded -21071.0942000 -21070.9811358 -21071.0516000            n/a -21072.5135400
     Potential -20853.2843000 -20853.2970669 -20853.3660000 -20853.4578000 -20854.6932000

Bond energy differences
                AMBER      GROMACS       LAMMPS      DESMOND       CHARMM
   AMBER    0.0000000    0.0243731    0.0243730    0.0239697   -0.0146900
 GROMACS   -0.0243731    0.0000000   -0.0000001   -0.0004034   -0.0390631
  LAMMPS   -0.0243730    0.0000001    0.0000000   -0.0004033   -0.0390630
 DESMOND   -0.0239697    0.0004034    0.0004033    0.0000000   -0.0386597
  CHARMM    0.0146900    0.0390631    0.0390630    0.0386597    0.0000000

Angle energy differences
                AMBER      GROMACS       LAMMPS      DESMOND       CHARMM
   AMBER    0.0000000    0.0931995    0.0932000    0.0931220    0.0074000
 GROMACS   -0.0931995    0.0000000    0.0000005   -0.0000775   -0.0857995
  LAMMPS   -0.0932000   -0.0000005    0.0000000   -0.0000780   -0.0858000
 DESMOND   -0.0931220    0.0000775    0.0000780    0.0000000   -0.0857220
  CHARMM   -0.0074000    0.0857995    0.0858000    0.0857220    0.0000000

All dihedrals energy differences
                AMBER      GROMACS       LAMMPS      DESMOND       CHARMM
   AMBER    0.0000000    0.0082584    0.0082570    0.0080432   -0.0031600
 GROMACS   -0.0082584    0.0000000   -0.0000014   -0.0002152   -0.0114184
  LAMMPS   -0.0082570    0.0000014    0.0000000   -0.0002138   -0.0114170
 DESMOND   -0.0080432    0.0002152    0.0002138    0.0000000   -0.0112032
  CHARMM    0.0031600    0.0114184    0.0114170    0.0112032    0.0000000

Bonded energy differences
                AMBER      GROMACS       LAMMPS      DESMOND       CHARMM
   AMBER    0.0000000    0.1258311    0.1258300    0.1251349   -0.0104500
 GROMACS   -0.1258311    0.0000000   -0.0000011   -0.0006962   -0.1362811
  LAMMPS   -0.1258300    0.0000011    0.0000000   -0.0006951   -0.1362800
 DESMOND   -0.1251349    0.0006962    0.0006951    0.0000000   -0.1355849
  CHARMM    0.0104500    0.1362811    0.1362800    0.1355849    0.0000000

LJ-14 energy differences
                AMBER      GROMACS       LAMMPS      DESMOND       CHARMM
   AMBER    0.0000000   -0.0028897          n/a   -0.0030584          n/a
 GROMACS    0.0028897    0.0000000          n/a   -0.0001687          n/a
  LAMMPS          n/a          n/a          n/a          n/a          n/a
 DESMOND    0.0030584    0.0001687          n/a    0.0000000          n/a
  CHARMM          n/a          n/a          n/a          n/a          n/a

Coulomb-14 energy differences
                AMBER      GROMACS       LAMMPS      DESMOND       CHARMM
   AMBER    0.0000000    0.0044553          n/a    0.0044718          n/a
 GROMACS   -0.0044553    0.0000000          n/a    0.0000165          n/a
  LAMMPS          n/a          n/a          n/a          n/a          n/a
 DESMOND   -0.0044718   -0.0000165          n/a    0.0000000          n/a
  CHARMM          n/a          n/a          n/a          n/a          n/a

van der Waals energy differences
                AMBER      GROMACS       LAMMPS      DESMOND       CHARMM
   AMBER    0.0000000   -0.0207826   -0.0165000          n/a   -0.0029100
 GROMACS    0.0207826    0.0000000    0.0042826          n/a    0.0178726
  LAMMPS    0.0165000   -0.0042826    0.0000000          n/a    0.0135900
 DESMOND          n/a          n/a          n/a          n/a          n/a
  CHARMM    0.0029100   -0.0178726   -0.0135900          n/a    0.0000000

Electrostatic energy differences
                AMBER      GROMACS       LAMMPS      DESMOND       CHARMM
   AMBER    0.0000000   -0.0922816   -0.0261000          n/a    1.4222500
 GROMACS    0.0922816    0.0000000    0.0661816          n/a    1.5145316
  LAMMPS    0.0261000   -0.0661816    0.0000000          n/a    1.4483500
 DESMOND          n/a          n/a          n/a          n/a          n/a
  CHARMM   -1.4222500   -1.5145316   -1.4483500          n/a    0.0000000

Nonbonded energy differences
                AMBER      GROMACS       LAMMPS      DESMOND       CHARMM
   AMBER    0.0000000   -0.1130642   -0.0426000          n/a    1.4193400
 GROMACS    0.1130642    0.0000000    0.0704642          n/a    1.5324042
  LAMMPS    0.0426000   -0.0704642    0.0000000          n/a    1.4619400
 DESMOND          n/a          n/a          n/a          n/a          n/a
  CHARMM   -1.4193400   -1.5324042   -1.4619400          n/a    0.0000000

Potential energy differences
                AMBER      GROMACS       LAMMPS      DESMOND       CHARMM
   AMBER    0.0000000    0.0127669    0.0817000    0.1735000    1.4089000
 GROMACS   -0.0127669    0.0000000    0.0689331    0.1607331    1.3961331
  LAMMPS   -0.0817000   -0.0689331    0.0000000    0.0918000    1.3272000
 DESMOND   -0.1735000   -0.1607331   -0.0918000    0.0000000    1.2354000
  CHARMM   -1.4089000   -1.3961331   -1.3272000   -1.2354000    0.0000000

****************
CBC-G10
****************
                      AMBER      GROMACS       LAMMPS      DESMOND       CHARMM
          Bond     42.6187000     42.6208923     42.6208920     42.6198658     42.6374700
         Angle    132.0880000    132.0806875    132.0806900    132.0808460    132.0965800
 All dihedrals     78.1154000     78.1013032     78.1012910     78.1014273     78.1199800
        Bonded    252.8221000    252.8028830    252.8028730    252.8021391    252.8540300
         LJ-14     48.2048000     48.2003845            n/a     48.2005237            n/a
    Coulomb-14    -26.6324000    -26.6305355            n/a    -26.6304939            n/a
 van der Waals   2986.8106000   2987.1129205   2987.1079000            n/a   2986.8210000
 Electrostatic -24027.7386000 -24029.0517975 -24029.0770000            n/a -24028.5221900
     Nonbonded -21040.9280000 -21041.9388771 -21041.9691000            n/a -21041.7011900
     Potential -20788.1059000 -20789.1359940 -20789.1630000 -20789.2436000 -20788.8471500

Bond energy differences
                AMBER      GROMACS       LAMMPS      DESMOND       CHARMM
   AMBER    0.0000000   -0.0021923   -0.0021920   -0.0011658   -0.0187700
 GROMACS    0.0021923    0.0000000    0.0000003    0.0010265   -0.0165777
  LAMMPS    0.0021920   -0.0000003    0.0000000    0.0010262   -0.0165780
 DESMOND    0.0011658   -0.0010265   -0.0010262    0.0000000   -0.0176042
  CHARMM    0.0187700    0.0165777    0.0165780    0.0176042    0.0000000

Angle energy differences
                AMBER      GROMACS       LAMMPS      DESMOND       CHARMM
   AMBER    0.0000000    0.0073125    0.0073100    0.0071540   -0.0085800
 GROMACS   -0.0073125    0.0000000   -0.0000025   -0.0001585   -0.0158925
  LAMMPS   -0.0073100    0.0000025    0.0000000   -0.0001560   -0.0158900
 DESMOND   -0.0071540    0.0001585    0.0001560    0.0000000   -0.0157340
  CHARMM    0.0085800    0.0158925    0.0158900    0.0157340    0.0000000

All dihedrals energy differences
                AMBER      GROMACS       LAMMPS      DESMOND       CHARMM
   AMBER    0.0000000    0.0140968    0.0141090    0.0139727   -0.0045800
 GROMACS   -0.0140968    0.0000000    0.0000122   -0.0001241   -0.0186768
  LAMMPS   -0.0141090   -0.0000122    0.0000000   -0.0001363   -0.0186890
 DESMOND   -0.0139727    0.0001241    0.0001363    0.0000000   -0.0185527
  CHARMM    0.0045800    0.0186768    0.0186890    0.0185527    0.0000000

Bonded energy differences
                AMBER      GROMACS       LAMMPS      DESMOND       CHARMM
   AMBER    0.0000000    0.0192170    0.0192270    0.0199609   -0.0319300
 GROMACS   -0.0192170    0.0000000    0.0000100    0.0007439   -0.0511470
  LAMMPS   -0.0192270   -0.0000100    0.0000000    0.0007339   -0.0511570
 DESMOND   -0.0199609   -0.0007439   -0.0007339    0.0000000   -0.0518909
  CHARMM    0.0319300    0.0511470    0.0511570    0.0518909    0.0000000

LJ-14 energy differences
                AMBER      GROMACS       LAMMPS      DESMOND       CHARMM
   AMBER    0.0000000    0.0044155          n/a    0.0042763          n/a
 GROMACS   -0.0044155    0.0000000          n/a   -0.0001392          n/a
  LAMMPS          n/a          n/a          n/a          n/a          n/a
 DESMOND   -0.0042763    0.0001392          n/a    0.0000000          n/a
  CHARMM          n/a          n/a          n/a          n/a          n/a

Coulomb-14 energy differences
                AMBER      GROMACS       LAMMPS      DESMOND       CHARMM
   AMBER    0.0000000   -0.0018645          n/a   -0.0019061          n/a
 GROMACS    0.0018645    0.0000000          n/a   -0.0000416          n/a
  LAMMPS          n/a          n/a          n/a          n/a          n/a
 DESMOND    0.0019061    0.0000416          n/a    0.0000000          n/a
  CHARMM          n/a          n/a          n/a          n/a          n/a

van der Waals energy differences
                AMBER      GROMACS       LAMMPS      DESMOND       CHARMM
   AMBER    0.0000000   -0.3023205   -0.2973000          n/a   -0.0104000
 GROMACS    0.3023205    0.0000000    0.0050205          n/a    0.2919205
  LAMMPS    0.2973000   -0.0050205    0.0000000          n/a    0.2869000
 DESMOND          n/a          n/a          n/a          n/a          n/a
  CHARMM    0.0104000   -0.2919205   -0.2869000          n/a    0.0000000

Electrostatic energy differences
                AMBER      GROMACS       LAMMPS      DESMOND       CHARMM
   AMBER    0.0000000    1.3131975    1.3384000          n/a    0.7835900
 GROMACS   -1.3131975    0.0000000    0.0252025          n/a   -0.5296075
  LAMMPS   -1.3384000   -0.0252025    0.0000000          n/a   -0.5548100
 DESMOND          n/a          n/a          n/a          n/a          n/a
  CHARMM   -0.7835900    0.5296075    0.5548100          n/a    0.0000000

Nonbonded energy differences
                AMBER      GROMACS       LAMMPS      DESMOND       CHARMM
   AMBER    0.0000000    1.0108771    1.0411000          n/a    0.7731900
 GROMACS   -1.0108771    0.0000000    0.0302229          n/a   -0.2376871
  LAMMPS   -1.0411000   -0.0302229    0.0000000          n/a   -0.2679100
 DESMOND          n/a          n/a          n/a          n/a          n/a
  CHARMM   -0.7731900    0.2376871    0.2679100          n/a    0.0000000

Potential energy differences
                AMBER      GROMACS       LAMMPS      DESMOND       CHARMM
   AMBER    0.0000000    1.0300940    1.0571000    1.1377000    0.7412500
 GROMACS   -1.0300940    0.0000000    0.0270060    0.1076060   -0.2888440
  LAMMPS   -1.0571000   -0.0270060    0.0000000    0.0806000   -0.3158500
 DESMOND   -1.1377000   -0.1076060   -0.0806000    0.0000000   -0.3964500
  CHARMM   -0.7412500    0.2888440    0.3158500    0.3964500    0.0000000

****************
CBC-G2
****************
                      AMBER      GROMACS       LAMMPS      DESMOND       CHARMM
          Bond     30.5831000     30.5388198     30.5388200     30.5388055     30.5864700
         Angle    109.2753000    109.2677209    109.2677200    109.2676180    109.2786200
 All dihedrals     69.6058000     69.6717707     69.6717720     69.6717407     69.6087800
        Bonded    209.4642000    209.4783113    209.4783120    209.4781642    209.4738700
         LJ-14     40.1961000     40.1873128            n/a     40.1872074            n/a
    Coulomb-14    -19.9563000    -19.9628897            n/a    -19.9628317            n/a
 van der Waals   3017.0936000   3017.0419147   3017.0377000            n/a   3017.0723900
 Electrostatic -23970.2466000 -23970.9132618 -23970.9650000            n/a -23971.5475700
     Nonbonded -20953.1530000 -20953.8713471 -20953.9273000            n/a -20954.4751800
     Potential -20743.6888000 -20744.3930357 -20744.4490000 -20744.5664000 -20745.0013000

Bond energy differences
                AMBER      GROMACS       LAMMPS      DESMOND       CHARMM
   AMBER    0.0000000    0.0442802    0.0442800    0.0442945   -0.0033700
 GROMACS   -0.0442802    0.0000000   -0.0000002    0.0000143   -0.0476502
  LAMMPS   -0.0442800    0.0000002    0.0000000    0.0000145   -0.0476500
 DESMOND   -0.0442945   -0.0000143   -0.0000145    0.0000000   -0.0476645
  CHARMM    0.0033700    0.0476502    0.0476500    0.0476645    0.0000000

Angle energy differences
                AMBER      GROMACS       LAMMPS      DESMOND       CHARMM
   AMBER    0.0000000    0.0075791    0.0075800    0.0076820   -0.0033200
 GROMACS   -0.0075791    0.0000000    0.0000009    0.0001029   -0.0108991
  LAMMPS   -0.0075800   -0.0000009    0.0000000    0.0001020   -0.0109000
 DESMOND   -0.0076820   -0.0001029   -0.0001020    0.0000000   -0.0110020
  CHARMM    0.0033200    0.0108991    0.0109000    0.0110020    0.0000000

All dihedrals energy differences
                AMBER      GROMACS       LAMMPS      DESMOND       CHARMM
   AMBER    0.0000000   -0.0659707   -0.0659720   -0.0659407   -0.0029800
 GROMACS    0.0659707    0.0000000   -0.0000013    0.0000300    0.0629907
  LAMMPS    0.0659720    0.0000013    0.0000000    0.0000313    0.0629920
 DESMOND    0.0659407   -0.0000300   -0.0000313    0.0000000    0.0629607
  CHARMM    0.0029800   -0.0629907   -0.0629920   -0.0629607    0.0000000

Bonded energy differences
                AMBER      GROMACS       LAMMPS      DESMOND       CHARMM
   AMBER    0.0000000   -0.0141113   -0.0141120   -0.0139642   -0.0096700
 GROMACS    0.0141113    0.0000000   -0.0000007    0.0001471    0.0044413
  LAMMPS    0.0141120    0.0000007    0.0000000    0.0001478    0.0044420
 DESMOND    0.0139642   -0.0001471   -0.0001478    0.0000000    0.0042942
  CHARMM    0.0096700   -0.0044413   -0.0044420   -0.0042942    0.0000000

LJ-14 energy differences
                AMBER      GROMACS       LAMMPS      DESMOND       CHARMM
   AMBER    0.0000000    0.0087872          n/a    0.0088926          n/a
 GROMACS   -0.0087872    0.0000000          n/a    0.0001054          n/a
  LAMMPS          n/a          n/a          n/a          n/a          n/a
 DESMOND   -0.0088926   -0.0001054          n/a    0.0000000          n/a
  CHARMM          n/a          n/a          n/a          n/a          n/a

Coulomb-14 energy differences
                AMBER      GROMACS       LAMMPS      DESMOND       CHARMM
   AMBER    0.0000000    0.0065897          n/a    0.0065317          n/a
 GROMACS   -0.0065897    0.0000000          n/a   -0.0000580          n/a
  LAMMPS          n/a          n/a          n/a          n/a          n/a
 DESMOND   -0.0065317    0.0000580          n/a    0.0000000          n/a
  CHARMM          n/a          n/a          n/a          n/a          n/a

van der Waals energy differences
                AMBER      GROMACS       LAMMPS      DESMOND       CHARMM
   AMBER    0.0000000    0.0516853    0.0559000          n/a    0.0212100
 GROMACS   -0.0516853    0.0000000    0.0042147          n/a   -0.0304753
  LAMMPS   -0.0559000   -0.0042147    0.0000000          n/a   -0.0346900
 DESMOND          n/a          n/a          n/a          n/a          n/a
  CHARMM   -0.0212100    0.0304753    0.0346900          n/a    0.0000000

Electrostatic energy differences
                AMBER      GROMACS       LAMMPS      DESMOND       CHARMM
   AMBER    0.0000000    0.6666618    0.7184000          n/a    1.3009700
 GROMACS   -0.6666618    0.0000000    0.0517382          n/a    0.6343082
  LAMMPS   -0.7184000   -0.0517382    0.0000000          n/a    0.5825700
 DESMOND          n/a          n/a          n/a          n/a          n/a
  CHARMM   -1.3009700   -0.6343082   -0.5825700          n/a    0.0000000

Nonbonded energy differences
                AMBER      GROMACS       LAMMPS      DESMOND       CHARMM
   AMBER    0.0000000    0.7183471    0.7743000          n/a    1.3221800
 GROMACS   -0.7183471    0.0000000    0.0559529          n/a    0.6038329
  LAMMPS   -0.7743000   -0.0559529    0.0000000          n/a    0.5478800
 DESMOND          n/a          n/a          n/a          n/a          n/a
  CHARMM   -1.3221800   -0.6038329   -0.5478800          n/a    0.0000000

Potential energy differences
                AMBER      GROMACS       LAMMPS      DESMOND       CHARMM
   AMBER    0.0000000    0.7042357    0.7602000    0.8776000    1.3125000
 GROMACS   -0.7042357    0.0000000    0.0559643    0.1733643    0.6082643
  LAMMPS   -0.7602000   -0.0559643    0.0000000    0.1174000    0.5523000
 DESMOND   -0.8776000   -0.1733643   -0.1174000    0.0000000    0.4349000
  CHARMM   -1.3125000   -0.6082643   -0.5523000   -0.4349000    0.0000000

****************
CBC-G3
****************
                      AMBER      GROMACS       LAMMPS      DESMOND       CHARMM
          Bond     27.1751000     27.2318009     27.2318010     27.2321693     27.1756900
         Angle    131.4169000    131.3723912    131.3723900    131.3725280    131.4145200
 All dihedrals     72.5569000     72.5963610     72.5963730     72.5962947     72.5624500
        Bonded    231.1489000    231.2005532    231.2005640    231.2009920    231.1526600
         LJ-14     39.7093000     39.6962830            n/a     39.6962674            n/a
    Coulomb-14     43.2644000     43.2729473            n/a     43.2728570            n/a
 van der Waals   2936.3224000   2935.8975528   2935.8932000            n/a   2936.3080100
 Electrostatic -23665.1497000 -23665.9920224 -23666.0710000            n/a -23666.6610000
     Nonbonded -20728.8273000 -20730.0944696 -20730.1778000            n/a -20730.3529900
     Potential -20497.6784000 -20498.8939164 -20498.9740000 -20498.9114000 -20499.2003500

Bond energy differences
                AMBER      GROMACS       LAMMPS      DESMOND       CHARMM
   AMBER    0.0000000   -0.0567009   -0.0567010   -0.0570693   -0.0005900
 GROMACS    0.0567009    0.0000000   -0.0000001   -0.0003684    0.0561109
  LAMMPS    0.0567010    0.0000001    0.0000000   -0.0003683    0.0561110
 DESMOND    0.0570693    0.0003684    0.0003683    0.0000000    0.0564793
  CHARMM    0.0005900   -0.0561109   -0.0561110   -0.0564793    0.0000000

Angle energy differences
                AMBER      GROMACS       LAMMPS      DESMOND       CHARMM
   AMBER    0.0000000    0.0445088    0.0445100    0.0443720    0.0023800
 GROMACS   -0.0445088    0.0000000    0.0000012   -0.0001368   -0.0421288
  LAMMPS   -0.0445100   -0.0000012    0.0000000   -0.0001380   -0.0421300
 DESMOND   -0.0443720    0.0001368    0.0001380    0.0000000   -0.0419920
  CHARMM   -0.0023800    0.0421288    0.0421300    0.0419920    0.0000000

All dihedrals energy differences
                AMBER      GROMACS       LAMMPS      DESMOND       CHARMM
   AMBER    0.0000000   -0.0394610   -0.0394730   -0.0393947   -0.0055500
 GROMACS    0.0394610    0.0000000   -0.0000120    0.0000663    0.0339110
  LAMMPS    0.0394730    0.0000120    0.0000000    0.0000783    0.0339230
 DESMOND    0.0393947   -0.0000663   -0.0000783    0.0000000    0.0338447
  CHARMM    0.0055500   -0.0339110   -0.0339230   -0.0338447    0.0000000

Bonded energy differences
                AMBER      GROMACS       LAMMPS      DESMOND       CHARMM
   AMBER    0.0000000   -0.0516532   -0.0516640   -0.0520920   -0.0037600
 GROMACS    0.0516532    0.0000000   -0.0000108   -0.0004388    0.0478932
  LAMMPS    0.0516640    0.0000108    0.0000000   -0.0004280    0.0479040
 DESMOND    0.0520920    0.0004388    0.0004280    0.0000000    0.0483320
  CHARMM    0.0037600   -0.0478932   -0.0479040   -0.0483320    0.0000000

LJ-14 energy differences
                AMBER      GROMACS       LAMMPS      DESMOND       CHARMM
   AMBER    0.0000000    0.0130170          n/a    0.0130326          n/a
 GROMACS   -0.0130170    0.0000000          n/a    0.0000156          n/a
  LAMMPS          n/a          n/a          n/a          n/a          n/a
 DESMOND   -0.0130326   -0.0000156          n/a    0.0000000          n/a
  CHARMM          n/a          n/a          n/a          n/a          n/a

Coulomb-14 energy differences
                AMBER      GROMACS       LAMMPS      DESMOND       CHARMM
   AMBER    0.0000000   -0.0085473          n/a   -0.0084570          n/a
 GROMACS    0.0085473    0.0000000          n/a    0.0000903          n/a
  LAMMPS          n/a          n/a          n/a          n/a          n/a
 DESMOND    0.0084570   -0.0000903          n/a    0.0000000          n/a
  CHARMM          n/a          n/a          n/a          n/a          n/a

van der Waals energy differences
                AMBER      GROMACS       LAMMPS      DESMOND       CHARMM
   AMBER    0.0000000    0.4248472    0.4292000          n/a    0.0143900
 GROMACS   -0.4248472    0.0000000    0.0043528          n/a   -0.4104572
  LAMMPS   -0.4292000   -0.0043528    0.0000000          n/a   -0.4148100
 DESMOND          n/a          n/a          n/a          n/a          n/a
  CHARMM   -0.0143900    0.4104572    0.4148100          n/a    0.0000000

Electrostatic energy differences
                AMBER      GROMACS       LAMMPS      DESMOND       CHARMM
   AMBER    0.0000000    0.8423224    0.9213000          n/a    1.5113000
 GROMACS   -0.8423224    0.0000000    0.0789776          n/a    0.6689776
  LAMMPS   -0.9213000   -0.0789776    0.0000000          n/a    0.5900000
 DESMOND          n/a          n/a          n/a          n/a          n/a
  CHARMM   -1.5113000   -0.6689776   -0.5900000          n/a    0.0000000

Nonbonded energy differences
                AMBER      GROMACS       LAMMPS      DESMOND       CHARMM
   AMBER    0.0000000    1.2671696    1.3505000          n/a    1.5256900
 GROMACS   -1.2671696    0.0000000    0.0833304          n/a    0.2585204
  LAMMPS   -1.3505000   -0.0833304    0.0000000          n/a    0.1751900
 DESMOND          n/a          n/a          n/a          n/a          n/a
  CHARMM   -1.5256900   -0.2585204   -0.1751900          n/a    0.0000000

Potential energy differences
                AMBER      GROMACS       LAMMPS      DESMOND       CHARMM
   AMBER    0.0000000    1.2155164    1.2956000    1.2330000    1.5219500
 GROMACS   -1.2155164    0.0000000    0.0800836    0.0174836    0.3064336
  LAMMPS   -1.2956000   -0.0800836    0.0000000   -0.0626000    0.2263500
 DESMOND   -1.2330000   -0.0174836    0.0626000    0.0000000    0.2889500
  CHARMM   -1.5219500   -0.3064336   -0.2263500   -0.2889500    0.0000000

****************
CBC-G4
****************
                      AMBER      GROMACS       LAMMPS      DESMOND       CHARMM
          Bond     41.2239000     41.1614015     41.1614020     41.1615713     41.2503700
         Angle    111.3790000    111.4211673    111.4211700    111.4207470    111.3815600
 All dihedrals     72.7377000     72.7573995     72.7573990     72.7572394     72.7409900
        Bonded    225.3406000    225.3399683    225.3399710    225.3395577    225.3729200
         LJ-14     50.6664000     50.6300856            n/a     50.6302769            n/a
    Coulomb-14   -192.6630000   -192.6662446            n/a   -192.6662590            n/a
 van der Waals   3056.6283000   3056.5111027   3056.5065000            n/a   3056.6362200
 Electrostatic -24136.1799000 -24137.0732299 -24137.1390000            n/a -24137.6890900
     Nonbonded -21079.5516000 -21080.5621271 -21080.6325000            n/a -21081.0528700
     Potential -20854.2110000 -20855.2221588 -20855.2930000 -20855.4660000 -20855.6799700

Bond energy differences
                AMBER      GROMACS       LAMMPS      DESMOND       CHARMM
   AMBER    0.0000000    0.0624985    0.0624980    0.0623287   -0.0264700
 GROMACS   -0.0624985    0.0000000   -0.0000005   -0.0001698   -0.0889685
  LAMMPS   -0.0624980    0.0000005    0.0000000   -0.0001693   -0.0889680
 DESMOND   -0.0623287    0.0001698    0.0001693    0.0000000   -0.0887987
  CHARMM    0.0264700    0.0889685    0.0889680    0.0887987    0.0000000

Angle energy differences
                AMBER      GROMACS       LAMMPS      DESMOND       CHARMM
   AMBER    0.0000000   -0.0421673   -0.0421700   -0.0417470   -0.0025600
 GROMACS    0.0421673    0.0000000   -0.0000027    0.0004203    0.0396073
  LAMMPS    0.0421700    0.0000027    0.0000000    0.0004230    0.0396100
 DESMOND    0.0417470   -0.0004203   -0.0004230    0.0000000    0.0391870
  CHARMM    0.0025600   -0.0396073   -0.0396100   -0.0391870    0.0000000

All dihedrals energy differences
                AMBER      GROMACS       LAMMPS      DESMOND       CHARMM
   AMBER    0.0000000   -0.0196995   -0.0196990   -0.0195394   -0.0032900
 GROMACS    0.0196995    0.0000000    0.0000005    0.0001601    0.0164095
  LAMMPS    0.0196990   -0.0000005    0.0000000    0.0001596    0.0164090
 DESMOND    0.0195394   -0.0001601   -0.0001596    0.0000000    0.0162494
  CHARMM    0.0032900   -0.0164095   -0.0164090   -0.0162494    0.0000000

Bonded energy differences
                AMBER      GROMACS       LAMMPS      DESMOND       CHARMM
   AMBER    0.0000000    0.0006317    0.0006290    0.0010423   -0.0323200
 GROMACS   -0.0006317    0.0000000   -0.0000026    0.0004106   -0.0329517
  LAMMPS   -0.0006290    0.0000026    0.0000000    0.0004133   -0.0329490
 DESMOND   -0.0010423   -0.0004106   -0.0004133    0.0000000   -0.0333623
  CHARMM    0.0323200    0.0329517    0.0329490    0.0333623    0.0000000

LJ-14 energy differences
                AMBER      GROMACS       LAMMPS      DESMOND       CHARMM
   AMBER    0.0000000    0.0363144          n/a    0.0361231          n/a
 GROMACS   -0.0363144    0.0000000          n/a   -0.0001913          n/a
  LAMMPS          n/a          n/a          n/a          n/a          n/a
 DESMOND   -0.0361231    0.0001913          n/a    0.0000000          n/a
  CHARMM          n/a          n/a          n/a          n/a          n/a

Coulomb-14 energy differences
                AMBER      GROMACS       LAMMPS      DESMOND       CHARMM
   AMBER    0.0000000    0.0032446          n/a    0.0032590          n/a
 GROMACS   -0.0032446    0.0000000          n/a    0.0000144          n/a
  LAMMPS          n/a          n/a          n/a          n/a          n/a
 DESMOND   -0.0032590   -0.0000144          n/a    0.0000000          n/a
  CHARMM          n/a          n/a          n/a          n/a          n/a

van der Waals energy differences
                AMBER      GROMACS       LAMMPS      DESMOND       CHARMM
   AMBER    0.0000000    0.1171973    0.1218000          n/a   -0.0079200
 GROMACS   -0.1171973    0.0000000    0.0046027          n/a   -0.1251173
  LAMMPS   -0.1218000   -0.0046027    0.0000000          n/a   -0.1297200
 DESMOND          n/a          n/a          n/a          n/a          n/a
  CHARMM    0.0079200    0.1251173    0.1297200          n/a    0.0000000

Electrostatic energy differences
                AMBER      GROMACS       LAMMPS      DESMOND       CHARMM
   AMBER    0.0000000    0.8933299    0.9591000          n/a    1.5091900
 GROMACS   -0.8933299    0.0000000    0.0657701          n/a    0.6158601
  LAMMPS   -0.9591000   -0.0657701    0.0000000          n/a    0.5500900
 DESMOND          n/a          n/a          n/a          n/a          n/a
  CHARMM   -1.5091900   -0.6158601   -0.5500900          n/a    0.0000000

Nonbonded energy differences
                AMBER      GROMACS       LAMMPS      DESMOND       CHARMM
   AMBER    0.0000000    1.0105271    1.0809000          n/a    1.5012700
 GROMACS   -1.0105271    0.0000000    0.0703729          n/a    0.4907429
  LAMMPS   -1.0809000   -0.0703729    0.0000000          n/a    0.4203700
 DESMOND          n/a          n/a          n/a          n/a          n/a
  CHARMM   -1.5012700   -0.4907429   -0.4203700          n/a    0.0000000

Potential energy differences
                AMBER      GROMACS       LAMMPS      DESMOND       CHARMM
   AMBER    0.0000000    1.0111588    1.0820000    1.2550000    1.4689700
 GROMACS   -1.0111588    0.0000000    0.0708412    0.2438412    0.4578112
  LAMMPS   -1.0820000   -0.0708412    0.0000000    0.1730000    0.3869700
 DESMOND   -1.2550000   -0.2438412   -0.1730000    0.0000000    0.2139700
  CHARMM   -1.4689700   -0.4578112   -0.3869700   -0.2139700    0.0000000

****************
CBC-G5
****************
                      AMBER      GROMACS       LAMMPS      DESMOND       CHARMM
          Bond     35.3521000     35.4351275     35.4351280     35.4350595     35.3698400
         Angle    120.6785000    120.6657423    120.6657400    120.6660510    120.6858600
 All dihedrals     73.5783000     73.5545695     73.5545650     73.5546136     73.5784000
        Bonded    229.6089000    229.6554393    229.6554330    229.6557241    229.6341000
         LJ-14     54.2804000     54.2946135            n/a     54.2947518            n/a
    Coulomb-14    -60.9676000    -60.9785572            n/a    -60.9786431            n/a
 van der Waals   2988.4319000   2988.1659484   2988.1611000            n/a   2988.4328500
 Electrostatic -23969.3361000 -23969.9591317 -23970.0070000            n/a -23970.3927600
     Nonbonded -20980.9042000 -20981.7931833 -20981.8459000            n/a -20981.9599100
     Potential -20751.2953000 -20752.1377440 -20752.1930000 -20752.4010000 -20752.3258100

Bond energy differences
                AMBER      GROMACS       LAMMPS      DESMOND       CHARMM
   AMBER    0.0000000   -0.0830275   -0.0830280   -0.0829595   -0.0177400
 GROMACS    0.0830275    0.0000000   -0.0000005    0.0000680    0.0652875
  LAMMPS    0.0830280    0.0000005    0.0000000    0.0000685    0.0652880
 DESMOND    0.0829595   -0.0000680   -0.0000685    0.0000000    0.0652195
  CHARMM    0.0177400   -0.0652875   -0.0652880   -0.0652195    0.0000000

Angle energy differences
                AMBER      GROMACS       LAMMPS      DESMOND       CHARMM
   AMBER    0.0000000    0.0127577    0.0127600    0.0124490   -0.0073600
 GROMACS   -0.0127577    0.0000000    0.0000023   -0.0003087   -0.0201177
  LAMMPS   -0.0127600   -0.0000023    0.0000000   -0.0003110   -0.0201200
 DESMOND   -0.0124490    0.0003087    0.0003110    0.0000000   -0.0198090
  CHARMM    0.0073600    0.0201177    0.0201200    0.0198090    0.0000000

All dihedrals energy differences
                AMBER      GROMACS       LAMMPS      DESMOND       CHARMM
   AMBER    0.0000000    0.0237305    0.0237350    0.0236864   -0.0001000
 GROMACS   -0.0237305    0.0000000    0.0000045   -0.0000441   -0.0238305
  LAMMPS   -0.0237350   -0.0000045    0.0000000   -0.0000486   -0.0238350
 DESMOND   -0.0236864    0.0000441    0.0000486    0.0000000   -0.0237864
  CHARMM    0.0001000    0.0238305    0.0238350    0.0237864    0.0000000

Bonded energy differences
                AMBER      GROMACS       LAMMPS      DESMOND       CHARMM
   AMBER    0.0000000   -0.0465393   -0.0465330   -0.0468241   -0.0252000
 GROMACS    0.0465393    0.0000000    0.0000063   -0.0002848    0.0213393
  LAMMPS    0.0465330   -0.0000063    0.0000000   -0.0002911    0.0213330
 DESMOND    0.0468241    0.0002848    0.0002911    0.0000000    0.0216241
  CHARMM    0.0252000   -0.0213393   -0.0213330   -0.0216241    0.0000000

LJ-14 energy differences
                AMBER      GROMACS       LAMMPS      DESMOND       CHARMM
   AMBER    0.0000000   -0.0142135          n/a   -0.0143518          n/a
 GROMACS    0.0142135    0.0000000          n/a   -0.0001383          n/a
  LAMMPS          n/a          n/a          n/a          n/a          n/a
 DESMOND    0.0143518    0.0001383          n/a    0.0000000          n/a
  CHARMM          n/a          n/a          n/a          n/a          n/a

Coulomb-14 energy differences
                AMBER      GROMACS       LAMMPS      DESMOND       CHARMM
   AMBER    0.0000000    0.0109572          n/a    0.0110431          n/a
 GROMACS   -0.0109572    0.0000000          n/a    0.0000859          n/a
  LAMMPS          n/a          n/a          n/a          n/a          n/a
 DESMOND   -0.0110431   -0.0000859          n/a    0.0000000          n/a
  CHARMM          n/a          n/a          n/a          n/a          n/a

van der Waals energy differences
                AMBER      GROMACS       LAMMPS      DESMOND       CHARMM
   AMBER    0.0000000    0.2659516    0.2708000          n/a   -0.0009500
 GROMACS   -0.2659516    0.0000000    0.0048484          n/a   -0.2669016
  LAMMPS   -0.2708000   -0.0048484    0.0000000          n/a   -0.2717500
 DESMOND          n/a          n/a          n/a          n/a          n/a
  CHARMM    0.0009500    0.2669016    0.2717500          n/a    0.0000000

Electrostatic energy differences
                AMBER      GROMACS       LAMMPS      DESMOND       CHARMM
   AMBER    0.0000000    0.6230317    0.6709000          n/a    1.0566600
 GROMACS   -0.6230317    0.0000000    0.0478683          n/a    0.4336283
  LAMMPS   -0.6709000   -0.0478683    0.0000000          n/a    0.3857600
 DESMOND          n/a          n/a          n/a          n/a          n/a
  CHARMM   -1.0566600   -0.4336283   -0.3857600          n/a    0.0000000

Nonbonded energy differences
                AMBER      GROMACS       LAMMPS      DESMOND       CHARMM
   AMBER    0.0000000    0.8889833    0.9417000          n/a    1.0557100
 GROMACS   -0.8889833    0.0000000    0.0527167          n/a    0.1667267
  LAMMPS   -0.9417000   -0.0527167    0.0000000          n/a    0.1140100
 DESMOND          n/a          n/a          n/a          n/a          n/a
  CHARMM   -1.0557100   -0.1667267   -0.1140100          n/a    0.0000000

Potential energy differences
                AMBER      GROMACS       LAMMPS      DESMOND       CHARMM
   AMBER    0.0000000    0.8424440    0.8977000    1.1057000    1.0305100
 GROMACS   -0.8424440    0.0000000    0.0552560    0.2632560    0.1880660
  LAMMPS   -0.8977000   -0.0552560    0.0000000    0.2080000    0.1328100
 DESMOND   -1.1057000   -0.2632560   -0.2080000    0.0000000   -0.0751900
  CHARMM   -1.0305100   -0.1880660   -0.1328100    0.0751900    0.0000000

****************
CBC-G6
****************
                      AMBER      GROMACS       LAMMPS      DESMOND       CHARMM
          Bond     38.2150000     38.2317072     38.2317070     38.2304446     38.2083400
         Angle    119.9128000    119.8045119    119.8045100    119.8042620    119.9063700
 All dihedrals     80.0268000     80.0391064     80.0391180     80.0389527     80.0335700
        Bonded    238.1546000    238.0753255    238.0753350    238.0736593    238.1482800
         LJ-14     62.5586000     62.5384776            n/a     62.5385405            n/a
    Coulomb-14    -35.1057000    -35.0981388            n/a    -35.0981821            n/a
 van der Waals   3063.6191000   3063.5035778   3063.4983000            n/a   3063.6286400
 Electrostatic -24024.2047000 -24025.0485229 -24025.1030000            n/a -24025.4218800
     Nonbonded -20960.5856000 -20961.5449450 -20961.6047000            n/a -20961.7932400
     Potential -20722.4310000 -20723.4696196 -20723.5330000 -20723.5621000 -20723.6449700

Bond energy differences
                AMBER      GROMACS       LAMMPS      DESMOND       CHARMM
   AMBER    0.0000000   -0.0167072   -0.0167070   -0.0154446    0.0066600
 GROMACS    0.0167072    0.0000000    0.0000002    0.0012626    0.0233672
  LAMMPS    0.0167070   -0.0000002    0.0000000    0.0012624    0.0233670
 DESMOND    0.0154446   -0.0012626   -0.0012624    0.0000000    0.0221046
  CHARMM   -0.0066600   -0.0233672   -0.0233670   -0.0221046    0.0000000

Angle energy differences
                AMBER      GROMACS       LAMMPS      DESMOND       CHARMM
   AMBER    0.0000000    0.1082881    0.1082900    0.1085380    0.0064300
 GROMACS   -0.1082881    0.0000000    0.0000019    0.0002499   -0.1018581
  LAMMPS   -0.1082900   -0.0000019    0.0000000    0.0002480   -0.1018600
 DESMOND   -0.1085380   -0.0002499   -0.0002480    0.0000000   -0.1021080
  CHARMM   -0.0064300    0.1018581    0.1018600    0.1021080    0.0000000

All dihedrals energy differences
                AMBER      GROMACS       LAMMPS      DESMOND       CHARMM
   AMBER    0.0000000   -0.0123064   -0.0123180   -0.0121527   -0.0067700
 GROMACS    0.0123064    0.0000000   -0.0000116    0.0001537    0.0055364
  LAMMPS    0.0123180    0.0000116    0.0000000    0.0001653    0.0055480
 DESMOND    0.0121527   -0.0001537   -0.0001653    0.0000000    0.0053827
  CHARMM    0.0067700   -0.0055364   -0.0055480   -0.0053827    0.0000000

Bonded energy differences
                AMBER      GROMACS       LAMMPS      DESMOND       CHARMM
   AMBER    0.0000000    0.0792745    0.0792650    0.0809407    0.0063200
 GROMACS   -0.0792745    0.0000000   -0.0000095    0.0016662   -0.0729545
  LAMMPS   -0.0792650    0.0000095    0.0000000    0.0016757   -0.0729450
 DESMOND   -0.0809407   -0.0016662   -0.0016757    0.0000000   -0.0746207
  CHARMM   -0.0063200    0.0729545    0.0729450    0.0746207    0.0000000

LJ-14 energy differences
                AMBER      GROMACS       LAMMPS      DESMOND       CHARMM
   AMBER    0.0000000    0.0201224          n/a    0.0200595          n/a
 GROMACS   -0.0201224    0.0000000          n/a   -0.0000629          n/a
  LAMMPS          n/a          n/a          n/a          n/a          n/a
 DESMOND   -0.0200595    0.0000629          n/a    0.0000000          n/a
  CHARMM          n/a          n/a          n/a          n/a          n/a

Coulomb-14 energy differences
                AMBER      GROMACS       LAMMPS      DESMOND       CHARMM
   AMBER    0.0000000   -0.0075612          n/a   -0.0075179          n/a
 GROMACS    0.0075612    0.0000000          n/a    0.0000433          n/a
  LAMMPS          n/a          n/a          n/a          n/a          n/a
 DESMOND    0.0075179   -0.0000433          n/a    0.0000000          n/a
  CHARMM          n/a          n/a          n/a          n/a          n/a

van der Waals energy differences
                AMBER      GROMACS       LAMMPS      DESMOND       CHARMM
   AMBER    0.0000000    0.1155222    0.1208000          n/a   -0.0095400
 GROMACS   -0.1155222    0.0000000    0.0052778          n/a   -0.1250622
  LAMMPS   -0.1208000   -0.0052778    0.0000000          n/a   -0.1303400
 DESMOND          n/a          n/a          n/a          n/a          n/a
  CHARMM    0.0095400    0.1250622    0.1303400          n/a    0.0000000

Electrostatic energy differences
                AMBER      GROMACS       LAMMPS      DESMOND       CHARMM
   AMBER    0.0000000    0.8438229    0.8983000          n/a    1.2171800
 GROMACS   -0.8438229    0.0000000    0.0544771          n/a    0.3733571
  LAMMPS   -0.8983000   -0.0544771    0.0000000          n/a    0.3188800
 DESMOND          n/a          n/a          n/a          n/a          n/a
  CHARMM   -1.2171800   -0.3733571   -0.3188800          n/a    0.0000000

Nonbonded energy differences
                AMBER      GROMACS       LAMMPS      DESMOND       CHARMM
   AMBER    0.0000000    0.9593450    1.0191000          n/a    1.2076400
 GROMACS   -0.9593450    0.0000000    0.0597550          n/a    0.2482950
  LAMMPS   -1.0191000   -0.0597550    0.0000000          n/a    0.1885400
 DESMOND          n/a          n/a          n/a          n/a          n/a
  CHARMM   -1.2076400   -0.2482950   -0.1885400          n/a    0.0000000

Potential energy differences
                AMBER      GROMACS       LAMMPS      DESMOND       CHARMM
