
****************
CBC-G1
****************
                      AMBER      GROMACS       LAMMPS      DESMOND       CHARMM
          Bond     36.5212000     36.5211325     36.5211320     36.5208221     36.5211600
         Angle    113.5427000    113.5427950    113.5428000    113.5427190    113.5423300
 All dihedrals     67.7460000     67.7459394     67.7459410     67.7459434     67.7494200
        Bonded    217.8099000    217.8098669    217.8098730    217.8094845    217.8129100
         LJ-14     43.8416000     43.8415799            n/a     43.8416268            n/a
    Coulomb-14      0.8189000      0.8188994            n/a      0.8189661            n/a
 van der Waals   2921.5329000   2921.4839119   2921.4796000            n/a   2921.5469900
 Electrostatic -23992.6271000 -23993.5435956 -23993.6130000            n/a -23994.1025400
     Nonbonded -21071.0942000 -21072.0596837 -21072.1334000            n/a -21072.5555500
     Potential -20853.2843000 -20854.2498168 -20854.3200000 -20854.4074000 -20854.7426500

Bond energy differences
                AMBER      GROMACS       LAMMPS      DESMOND       CHARMM
   AMBER    0.0000000    0.0000675    0.0000680    0.0003779    0.0000400
 GROMACS   -0.0000675    0.0000000    0.0000005    0.0003104   -0.0000275
  LAMMPS   -0.0000680   -0.0000005    0.0000000    0.0003099   -0.0000280
 DESMOND   -0.0003779   -0.0003104   -0.0003099    0.0000000   -0.0003379
  CHARMM   -0.0000400    0.0000275    0.0000280    0.0003379    0.0000000

Angle energy differences
                AMBER      GROMACS       LAMMPS      DESMOND       CHARMM
   AMBER    0.0000000   -0.0000950   -0.0001000   -0.0000190    0.0003700
 GROMACS    0.0000950    0.0000000   -0.0000050    0.0000760    0.0004650
  LAMMPS    0.0001000    0.0000050    0.0000000    0.0000810    0.0004700
 DESMOND    0.0000190   -0.0000760   -0.0000810    0.0000000    0.0003890
  CHARMM   -0.0003700   -0.0004650   -0.0004700   -0.0003890    0.0000000

All dihedrals energy differences
                AMBER      GROMACS       LAMMPS      DESMOND       CHARMM
   AMBER    0.0000000    0.0000606    0.0000590    0.0000566   -0.0034200
 GROMACS   -0.0000606    0.0000000   -0.0000016   -0.0000040   -0.0034806
  LAMMPS   -0.0000590    0.0000016    0.0000000   -0.0000024   -0.0034790
 DESMOND   -0.0000566    0.0000040    0.0000024    0.0000000   -0.0034766
  CHARMM    0.0034200    0.0034806    0.0034790    0.0034766    0.0000000

Bonded energy differences
                AMBER      GROMACS       LAMMPS      DESMOND       CHARMM
   AMBER    0.0000000    0.0000331    0.0000270    0.0004155   -0.0030100
 GROMACS   -0.0000331    0.0000000   -0.0000061    0.0003824   -0.0030431
  LAMMPS   -0.0000270    0.0000061    0.0000000    0.0003885   -0.0030370
 DESMOND   -0.0004155   -0.0003824   -0.0003885    0.0000000   -0.0034255
  CHARMM    0.0030100    0.0030431    0.0030370    0.0034255    0.0000000

LJ-14 energy differences
                AMBER      GROMACS       LAMMPS      DESMOND       CHARMM
   AMBER    0.0000000    0.0000201          n/a   -0.0000268          n/a
 GROMACS   -0.0000201    0.0000000          n/a   -0.0000469          n/a
  LAMMPS          n/a          n/a          n/a          n/a          n/a
 DESMOND    0.0000268    0.0000469          n/a    0.0000000          n/a
  CHARMM          n/a          n/a          n/a          n/a          n/a

Coulomb-14 energy differences
                AMBER      GROMACS       LAMMPS      DESMOND       CHARMM
   AMBER    0.0000000    0.0000006          n/a   -0.0000661          n/a
 GROMACS   -0.0000006    0.0000000          n/a   -0.0000667          n/a
  LAMMPS          n/a          n/a          n/a          n/a          n/a
 DESMOND    0.0000661    0.0000667          n/a    0.0000000          n/a
  CHARMM          n/a          n/a          n/a          n/a          n/a

van der Waals energy differences
                AMBER      GROMACS       LAMMPS      DESMOND       CHARMM
   AMBER    0.0000000    0.0489881    0.0533000          n/a   -0.0140900
 GROMACS   -0.0489881    0.0000000    0.0043119          n/a   -0.0630781
  LAMMPS   -0.0533000   -0.0043119    0.0000000          n/a   -0.0673900
 DESMOND          n/a          n/a          n/a          n/a          n/a
  CHARMM    0.0140900    0.0630781    0.0673900          n/a    0.0000000

Electrostatic energy differences
                AMBER      GROMACS       LAMMPS      DESMOND       CHARMM
   AMBER    0.0000000    0.9164956    0.9859000          n/a    1.4754400
 GROMACS   -0.9164956    0.0000000    0.0694044          n/a    0.5589444
  LAMMPS   -0.9859000   -0.0694044    0.0000000          n/a    0.4895400
 DESMOND          n/a          n/a          n/a          n/a          n/a
  CHARMM   -1.4754400   -0.5589444   -0.4895400          n/a    0.0000000

Nonbonded energy differences
                AMBER      GROMACS       LAMMPS      DESMOND       CHARMM
   AMBER    0.0000000    0.9654837    1.0392000          n/a    1.4613500
 GROMACS   -0.9654837    0.0000000    0.0737163          n/a    0.4958663
  LAMMPS   -1.0392000   -0.0737163    0.0000000          n/a    0.4221500
 DESMOND          n/a          n/a          n/a          n/a          n/a
  CHARMM   -1.4613500   -0.4958663   -0.4221500          n/a    0.0000000

Potential energy differences
                AMBER      GROMACS       LAMMPS      DESMOND       CHARMM
   AMBER    0.0000000    0.9655168    1.0357000    1.1231000    1.4583500
 GROMACS   -0.9655168    0.0000000    0.0701832    0.1575832    0.4928332
  LAMMPS   -1.0357000   -0.0701832    0.0000000    0.0874000    0.4226500
 DESMOND   -1.1231000   -0.1575832   -0.0874000    0.0000000    0.3352500
  CHARMM   -1.4583500   -0.4928332   -0.4226500   -0.3352500    0.0000000

****************
CBC-G10
****************
                      AMBER      GROMACS       LAMMPS      DESMOND       CHARMM
          Bond     42.6187000     42.6188333     42.6188330     42.6194004     42.6187400
         Angle    132.0880000    132.0880614    132.0880600    132.0880420    132.0878200
 All dihedrals     78.1154000     78.1153413     78.1153290     78.1152678     78.1186000
        Bonded    252.8221000    252.8222359    252.8222220    252.8227102    252.8251600
         LJ-14     48.2048000     48.2046892            n/a     48.2047634            n/a
    Coulomb-14    -26.6324000    -26.6333139            n/a    -26.6332419            n/a
 van der Waals   2986.8106000   2986.7090368   2986.7041000            n/a   2986.8170600
 Electrostatic -24027.7386000 -24027.9601108 -24027.9850000            n/a -24028.5770100
     Nonbonded -21040.9280000 -21041.2510740 -21041.2809000            n/a -21041.7599500
     Potential -20788.1059000 -20788.4288381 -20788.4570000 -20788.5389000 -20788.9347800

Bond energy differences
                AMBER      GROMACS       LAMMPS      DESMOND       CHARMM
   AMBER    0.0000000   -0.0001333   -0.0001330   -0.0007004   -0.0000400
 GROMACS    0.0001333    0.0000000    0.0000003   -0.0005671    0.0000933
  LAMMPS    0.0001330   -0.0000003    0.0000000   -0.0005674    0.0000930
 DESMOND    0.0007004    0.0005671    0.0005674    0.0000000    0.0006604
  CHARMM    0.0000400   -0.0000933   -0.0000930   -0.0006604    0.0000000

Angle energy differences
                AMBER      GROMACS       LAMMPS      DESMOND       CHARMM
   AMBER    0.0000000   -0.0000614   -0.0000600   -0.0000420    0.0001800
 GROMACS    0.0000614    0.0000000    0.0000014    0.0000194    0.0002414
  LAMMPS    0.0000600   -0.0000014    0.0000000    0.0000180    0.0002400
 DESMOND    0.0000420   -0.0000194   -0.0000180    0.0000000    0.0002220
  CHARMM   -0.0001800   -0.0002414   -0.0002400   -0.0002220    0.0000000

All dihedrals energy differences
                AMBER      GROMACS       LAMMPS      DESMOND       CHARMM
   AMBER    0.0000000    0.0000587    0.0000710    0.0001322   -0.0032000
 GROMACS   -0.0000587    0.0000000    0.0000122    0.0000735   -0.0032588
  LAMMPS   -0.0000710   -0.0000122    0.0000000    0.0000612   -0.0032710
 DESMOND   -0.0001322   -0.0000735   -0.0000612    0.0000000   -0.0033322
  CHARMM    0.0032000    0.0032588    0.0032710    0.0033322    0.0000000

Bonded energy differences
                AMBER      GROMACS       LAMMPS      DESMOND       CHARMM
   AMBER    0.0000000   -0.0001359   -0.0001220   -0.0006102   -0.0030600
 GROMACS    0.0001359    0.0000000    0.0000139   -0.0004743   -0.0029241
  LAMMPS    0.0001220   -0.0000139    0.0000000   -0.0004882   -0.0029380
 DESMOND    0.0006102    0.0004743    0.0004882    0.0000000   -0.0024498
  CHARMM    0.0030600    0.0029241    0.0029380    0.0024498    0.0000000

LJ-14 energy differences
                AMBER      GROMACS       LAMMPS      DESMOND       CHARMM
   AMBER    0.0000000    0.0001108          n/a    0.0000366          n/a
 GROMACS   -0.0001108    0.0000000          n/a   -0.0000742          n/a
  LAMMPS          n/a          n/a          n/a          n/a          n/a
 DESMOND   -0.0000366    0.0000742          n/a    0.0000000          n/a
  CHARMM          n/a          n/a          n/a          n/a          n/a

Coulomb-14 energy differences
                AMBER      GROMACS       LAMMPS      DESMOND       CHARMM
   AMBER    0.0000000    0.0009139          n/a    0.0008419          n/a
 GROMACS   -0.0009139    0.0000000          n/a   -0.0000720          n/a
  LAMMPS          n/a          n/a          n/a          n/a          n/a
 DESMOND   -0.0008419    0.0000720          n/a    0.0000000          n/a
  CHARMM          n/a          n/a          n/a          n/a          n/a

van der Waals energy differences
                AMBER      GROMACS       LAMMPS      DESMOND       CHARMM
   AMBER    0.0000000    0.1015632    0.1065000          n/a   -0.0064600
 GROMACS   -0.1015632    0.0000000    0.0049368          n/a   -0.1080232
  LAMMPS   -0.1065000   -0.0049368    0.0000000          n/a   -0.1129600
 DESMOND          n/a          n/a          n/a          n/a          n/a
  CHARMM    0.0064600    0.1080232    0.1129600          n/a    0.0000000

Electrostatic energy differences
                AMBER      GROMACS       LAMMPS      DESMOND       CHARMM
   AMBER    0.0000000    0.2215108    0.2464000          n/a    0.8384100
 GROMACS   -0.2215108    0.0000000    0.0248892          n/a    0.6168992
  LAMMPS   -0.2464000   -0.0248892    0.0000000          n/a    0.5920100
 DESMOND          n/a          n/a          n/a          n/a          n/a
  CHARMM   -0.8384100   -0.6168992   -0.5920100          n/a    0.0000000

Nonbonded energy differences
                AMBER      GROMACS       LAMMPS      DESMOND       CHARMM
   AMBER    0.0000000    0.3230740    0.3529000          n/a    0.8319500
 GROMACS   -0.3230740    0.0000000    0.0298260          n/a    0.5088760
  LAMMPS   -0.3529000   -0.0298260    0.0000000          n/a    0.4790500
 DESMOND          n/a          n/a          n/a          n/a          n/a
  CHARMM   -0.8319500   -0.5088760   -0.4790500          n/a    0.0000000

Potential energy differences
                AMBER      GROMACS       LAMMPS      DESMOND       CHARMM
   AMBER    0.0000000    0.3229381    0.3511000    0.4330000    0.8288800
 GROMACS   -0.3229381    0.0000000    0.0281619    0.1100619    0.5059419
  LAMMPS   -0.3511000   -0.0281619    0.0000000    0.0819000    0.4777800
 DESMOND   -0.4330000   -0.1100619   -0.0819000    0.0000000    0.3958800
  CHARMM   -0.8288800   -0.5059419   -0.4777800   -0.3958800    0.0000000

****************
CBC-G2
****************
                      AMBER      GROMACS       LAMMPS      DESMOND       CHARMM
          Bond     30.5831000     30.5829500     30.5829500     30.5836281     30.5831500
         Angle    109.2753000    109.2752702    109.2752700    109.2747480    109.2749000
 All dihedrals     69.6058000     69.6057123     69.6057130     69.6057910     69.6092900
        Bonded    209.4642000    209.4639325    209.4639330    209.4641671    209.4673400
         LJ-14     40.1961000     40.1959594            n/a     40.1960743            n/a
    Coulomb-14    -19.9563000    -19.9569923            n/a    -19.9570404            n/a
 van der Waals   3017.0936000   3017.0820414   3017.0779000            n/a   3017.0878200
 Electrostatic -23970.2466000 -23971.0673843 -23971.1230000            n/a -23971.5803200
     Nonbonded -20953.1530000 -20953.9853428 -20954.0451000            n/a -20954.4925000
     Potential -20743.6888000 -20744.5214103 -20744.5780000 -20744.6961000 -20745.0251500

Bond energy differences
                AMBER      GROMACS       LAMMPS      DESMOND       CHARMM
   AMBER    0.0000000    0.0001500    0.0001500   -0.0005281   -0.0000500
 GROMACS   -0.0001500    0.0000000    0.0000000   -0.0006781   -0.0002000
  LAMMPS   -0.0001500   -0.0000000    0.0000000   -0.0006781   -0.0002000
 DESMOND    0.0005281    0.0006781    0.0006781    0.0000000    0.0004781
  CHARMM    0.0000500    0.0002000    0.0002000   -0.0004781    0.0000000

Angle energy differences
                AMBER      GROMACS       LAMMPS      DESMOND       CHARMM
   AMBER    0.0000000    0.0000298    0.0000300    0.0005520    0.0004000
 GROMACS   -0.0000298    0.0000000    0.0000002    0.0005222    0.0003702
  LAMMPS   -0.0000300   -0.0000002    0.0000000    0.0005220    0.0003700
 DESMOND   -0.0005520   -0.0005222   -0.0005220    0.0000000   -0.0001520
  CHARMM   -0.0004000   -0.0003702   -0.0003700    0.0001520    0.0000000

All dihedrals energy differences
                AMBER      GROMACS       LAMMPS      DESMOND       CHARMM
   AMBER    0.0000000    0.0000877    0.0000870    0.0000090   -0.0034900
 GROMACS   -0.0000877    0.0000000   -0.0000007   -0.0000787   -0.0035777
  LAMMPS   -0.0000870    0.0000007    0.0000000   -0.0000780   -0.0035770
 DESMOND   -0.0000090    0.0000787    0.0000780    0.0000000   -0.0034990
  CHARMM    0.0034900    0.0035777    0.0035770    0.0034990    0.0000000

Bonded energy differences
                AMBER      GROMACS       LAMMPS      DESMOND       CHARMM
   AMBER    0.0000000    0.0002675    0.0002670    0.0000329   -0.0031400
 GROMACS   -0.0002675    0.0000000   -0.0000005   -0.0002346   -0.0034075
  LAMMPS   -0.0002670    0.0000005    0.0000000   -0.0002341   -0.0034070
 DESMOND   -0.0000329    0.0002346    0.0002341    0.0000000   -0.0031729
  CHARMM    0.0031400    0.0034075    0.0034070    0.0031729    0.0000000

LJ-14 energy differences
                AMBER      GROMACS       LAMMPS      DESMOND       CHARMM
   AMBER    0.0000000    0.0001406          n/a    0.0000257          n/a
 GROMACS   -0.0001406    0.0000000          n/a   -0.0001149          n/a
  LAMMPS          n/a          n/a          n/a          n/a          n/a
 DESMOND   -0.0000257    0.0001149          n/a    0.0000000          n/a
  CHARMM          n/a          n/a          n/a          n/a          n/a

Coulomb-14 energy differences
                AMBER      GROMACS       LAMMPS      DESMOND       CHARMM
   AMBER    0.0000000    0.0006923          n/a    0.0007404          n/a
 GROMACS   -0.0006923    0.0000000          n/a    0.0000481          n/a
  LAMMPS          n/a          n/a          n/a          n/a          n/a
 DESMOND   -0.0007404   -0.0000481          n/a    0.0000000          n/a
  CHARMM          n/a          n/a          n/a          n/a          n/a

van der Waals energy differences
                AMBER      GROMACS       LAMMPS      DESMOND       CHARMM
   AMBER    0.0000000    0.0115586    0.0157000          n/a    0.0057800
 GROMACS   -0.0115586    0.0000000    0.0041414          n/a   -0.0057786
  LAMMPS   -0.0157000   -0.0041414    0.0000000          n/a   -0.0099200
 DESMOND          n/a          n/a          n/a          n/a          n/a
  CHARMM   -0.0057800    0.0057786    0.0099200          n/a    0.0000000

Electrostatic energy differences
                AMBER      GROMACS       LAMMPS      DESMOND       CHARMM
   AMBER    0.0000000    0.8207843    0.8764000          n/a    1.3337200
 GROMACS   -0.8207843    0.0000000    0.0556157          n/a    0.5129357
  LAMMPS   -0.8764000   -0.0556157    0.0000000          n/a    0.4573200
 DESMOND          n/a          n/a          n/a          n/a          n/a
  CHARMM   -1.3337200   -0.5129357   -0.4573200          n/a    0.0000000

Nonbonded energy differences
                AMBER      GROMACS       LAMMPS      DESMOND       CHARMM
   AMBER    0.0000000    0.8323429    0.8921000          n/a    1.3395000
 GROMACS   -0.8323429    0.0000000    0.0597572          n/a    0.5071572
  LAMMPS   -0.8921000   -0.0597572    0.0000000          n/a    0.4474000
 DESMOND          n/a          n/a          n/a          n/a          n/a
  CHARMM   -1.3395000   -0.5071572   -0.4474000          n/a    0.0000000

Potential energy differences
                AMBER      GROMACS       LAMMPS      DESMOND       CHARMM
   AMBER    0.0000000    0.8326103    0.8892000    1.0073000    1.3363500
 GROMACS   -0.8326103    0.0000000    0.0565897    0.1746897    0.5037397
  LAMMPS   -0.8892000   -0.0565897    0.0000000    0.1181000    0.4471500
 DESMOND   -1.0073000   -0.1746897   -0.1181000    0.0000000    0.3290500
  CHARMM   -1.3363500   -0.5037397   -0.4471500   -0.3290500    0.0000000

****************
CBC-G3
****************
                      AMBER      GROMACS       LAMMPS      DESMOND       CHARMM
          Bond     27.1751000     27.1750507     27.1750510     27.1746601     27.1751400
         Angle    131.4169000    131.4169034    131.4169000    131.4172390    131.4164800
 All dihedrals     72.5569000     72.5567980     72.5568100     72.5565452     72.5609600
        Bonded    231.1489000    231.1487522    231.1487610    231.1484443    231.1525800
         LJ-14     39.7093000     39.7091953            n/a     39.7093427            n/a
    Coulomb-14     43.2644000     43.2659187            n/a     43.2658498            n/a
 van der Waals   2936.3224000   2936.2359282   2936.2315000            n/a   2936.3279100
 Electrostatic -23665.1497000 -23666.1227618 -23666.1990000            n/a -23666.7091600
     Nonbonded -20728.8273000 -20729.8868336 -20729.9675000            n/a -20730.3812500
     Potential -20497.6784000 -20498.7380814 -20498.8160000 -20498.7580000 -20499.2286500

Bond energy differences
                AMBER      GROMACS       LAMMPS      DESMOND       CHARMM
   AMBER    0.0000000    0.0000493    0.0000490    0.0004399   -0.0000400
 GROMACS   -0.0000493    0.0000000   -0.0000003    0.0003906   -0.0000893
  LAMMPS   -0.0000490    0.0000003    0.0000000    0.0003909   -0.0000890
 DESMOND   -0.0004399   -0.0003906   -0.0003909    0.0000000   -0.0004799
  CHARMM    0.0000400    0.0000893    0.0000890    0.0004799    0.0000000

Angle energy differences
                AMBER      GROMACS       LAMMPS      DESMOND       CHARMM
   AMBER    0.0000000   -0.0000034    0.0000000   -0.0003390    0.0004200
 GROMACS    0.0000034    0.0000000    0.0000034   -0.0003356    0.0004234
  LAMMPS    0.0000000   -0.0000034    0.0000000   -0.0003390    0.0004200
 DESMOND    0.0003390    0.0003356    0.0003390    0.0000000    0.0007590
  CHARMM   -0.0004200   -0.0004234   -0.0004200   -0.0007590    0.0000000

All dihedrals energy differences
                AMBER      GROMACS       LAMMPS      DESMOND       CHARMM
   AMBER    0.0000000    0.0001020    0.0000900    0.0003548   -0.0040600
 GROMACS   -0.0001020    0.0000000   -0.0000120    0.0002528   -0.0041620
  LAMMPS   -0.0000900    0.0000120    0.0000000    0.0002648   -0.0041500
 DESMOND   -0.0003548   -0.0002528   -0.0002648    0.0000000   -0.0044148
  CHARMM    0.0040600    0.0041620    0.0041500    0.0044148    0.0000000

Bonded energy differences
                AMBER      GROMACS       LAMMPS      DESMOND       CHARMM
   AMBER    0.0000000    0.0001478    0.0001390    0.0004557   -0.0036800
 GROMACS   -0.0001478    0.0000000   -0.0000089    0.0003079   -0.0038278
  LAMMPS   -0.0001390    0.0000089    0.0000000    0.0003167   -0.0038190
 DESMOND   -0.0004557   -0.0003079   -0.0003167    0.0000000   -0.0041357
  CHARMM    0.0036800    0.0038278    0.0038190    0.0041357    0.0000000

LJ-14 energy differences
                AMBER      GROMACS       LAMMPS      DESMOND       CHARMM
   AMBER    0.0000000    0.0001047          n/a   -0.0000427          n/a
 GROMACS   -0.0001047    0.0000000          n/a   -0.0001474          n/a
  LAMMPS          n/a          n/a          n/a          n/a          n/a
 DESMOND    0.0000427    0.0001474          n/a    0.0000000          n/a
  CHARMM          n/a          n/a          n/a          n/a          n/a

Coulomb-14 energy differences
                AMBER      GROMACS       LAMMPS      DESMOND       CHARMM
   AMBER    0.0000000   -0.0015187          n/a   -0.0014498          n/a
 GROMACS    0.0015187    0.0000000          n/a    0.0000689          n/a
  LAMMPS          n/a          n/a          n/a          n/a          n/a
 DESMOND    0.0014498   -0.0000689          n/a    0.0000000          n/a
  CHARMM          n/a          n/a          n/a          n/a          n/a

van der Waals energy differences
                AMBER      GROMACS       LAMMPS      DESMOND       CHARMM
   AMBER    0.0000000    0.0864718    0.0909000          n/a   -0.0055100
 GROMACS   -0.0864718    0.0000000    0.0044282          n/a   -0.0919818
  LAMMPS   -0.0909000   -0.0044282    0.0000000          n/a   -0.0964100
 DESMOND          n/a          n/a          n/a          n/a          n/a
  CHARMM    0.0055100    0.0919818    0.0964100          n/a    0.0000000

Electrostatic energy differences
                AMBER      GROMACS       LAMMPS      DESMOND       CHARMM
   AMBER    0.0000000    0.9730617    1.0493000          n/a    1.5594600
 GROMACS   -0.9730617    0.0000000    0.0762382          n/a    0.5863982
  LAMMPS   -1.0493000   -0.0762382    0.0000000          n/a    0.5101600
 DESMOND          n/a          n/a          n/a          n/a          n/a
  CHARMM   -1.5594600   -0.5863982   -0.5101600          n/a    0.0000000

Nonbonded energy differences
                AMBER      GROMACS       LAMMPS      DESMOND       CHARMM
   AMBER    0.0000000    1.0595336    1.1402000          n/a    1.5539500
 GROMACS   -1.0595336    0.0000000    0.0806664          n/a    0.4944164
  LAMMPS   -1.1402000   -0.0806664    0.0000000          n/a    0.4137500
 DESMOND          n/a          n/a          n/a          n/a          n/a
  CHARMM   -1.5539500   -0.4944164   -0.4137500          n/a    0.0000000

Potential energy differences
                AMBER      GROMACS       LAMMPS      DESMOND       CHARMM
   AMBER    0.0000000    1.0596814    1.1376000    1.0796000    1.5502500
 GROMACS   -1.0596814    0.0000000    0.0779185    0.0199186    0.4905686
  LAMMPS   -1.1376000   -0.0779185    0.0000000   -0.0580000    0.4126500
 DESMOND   -1.0796000   -0.0199186    0.0580000    0.0000000    0.4706500
  CHARMM   -1.5502500   -0.4905686   -0.4126500   -0.4706500    0.0000000

****************
CBC-G4
****************
                      AMBER      GROMACS       LAMMPS      DESMOND       CHARMM
          Bond     41.2239000     41.2240422     41.2240420     41.2240151     41.2239100
         Angle    111.3790000    111.3789089    111.3789100    111.3789380    111.3786300
 All dihedrals     72.7377000     72.7375889     72.7375880     72.7376185     72.7411300
        Bonded    225.3406000    225.3405399    225.3405400    225.3405716    225.3436700
         LJ-14     50.6664000     50.6662374            n/a     50.6662112            n/a
    Coulomb-14   -192.6630000   -192.6696286            n/a   -192.6697780            n/a
 van der Waals   3056.6283000   3056.5072489   3056.5026000            n/a   3056.6307100
 Electrostatic -24136.1799000 -24137.0063705 -24137.0740000            n/a -24137.6503600
     Nonbonded -21079.5516000 -21080.4991216 -21080.5714000            n/a -21081.0196500
     Potential -20854.2110000 -20855.1585817 -20855.2320000 -20855.3870000 -20855.6759700

Bond energy differences
                AMBER      GROMACS       LAMMPS      DESMOND       CHARMM
   AMBER    0.0000000   -0.0001422   -0.0001420   -0.0001151   -0.0000100
 GROMACS    0.0001422    0.0000000    0.0000002    0.0000271    0.0001322
  LAMMPS    0.0001420   -0.0000002    0.0000000    0.0000269    0.0001320
 DESMOND    0.0001151   -0.0000271   -0.0000269    0.0000000    0.0001051
  CHARMM    0.0000100   -0.0001322   -0.0001320   -0.0001051    0.0000000

Angle energy differences
                AMBER      GROMACS       LAMMPS      DESMOND       CHARMM
   AMBER    0.0000000    0.0000911    0.0000900    0.0000620    0.0003700
 GROMACS   -0.0000911    0.0000000   -0.0000011   -0.0000291    0.0002789
  LAMMPS   -0.0000900    0.0000011    0.0000000   -0.0000280    0.0002800
 DESMOND   -0.0000620    0.0000291    0.0000280    0.0000000    0.0003080
  CHARMM   -0.0003700   -0.0002789   -0.0002800   -0.0003080    0.0000000

All dihedrals energy differences
                AMBER      GROMACS       LAMMPS      DESMOND       CHARMM
   AMBER    0.0000000    0.0001111    0.0001120    0.0000815   -0.0034300
 GROMACS   -0.0001111    0.0000000    0.0000009   -0.0000296   -0.0035411
  LAMMPS   -0.0001120   -0.0000009    0.0000000   -0.0000305   -0.0035420
 DESMOND   -0.0000815    0.0000296    0.0000305    0.0000000   -0.0035115
  CHARMM    0.0034300    0.0035411    0.0035420    0.0035115    0.0000000

Bonded energy differences
                AMBER      GROMACS       LAMMPS      DESMOND       CHARMM
   AMBER    0.0000000    0.0000601    0.0000600    0.0000284   -0.0030700
 GROMACS   -0.0000601    0.0000000   -0.0000001   -0.0000317   -0.0031301
  LAMMPS   -0.0000600    0.0000001    0.0000000   -0.0000316   -0.0031300
 DESMOND   -0.0000284    0.0000317    0.0000316    0.0000000   -0.0030984
  CHARMM    0.0030700    0.0031301    0.0031300    0.0030984    0.0000000

LJ-14 energy differences
                AMBER      GROMACS       LAMMPS      DESMOND       CHARMM
   AMBER    0.0000000    0.0001626          n/a    0.0001888          n/a
 GROMACS   -0.0001626    0.0000000          n/a    0.0000262          n/a
  LAMMPS          n/a          n/a          n/a          n/a          n/a
 DESMOND   -0.0001888   -0.0000262          n/a    0.0000000          n/a
  CHARMM          n/a          n/a          n/a          n/a          n/a

Coulomb-14 energy differences
                AMBER      GROMACS       LAMMPS      DESMOND       CHARMM
   AMBER    0.0000000    0.0066286          n/a    0.0067780          n/a
 GROMACS   -0.0066286    0.0000000          n/a    0.0001494          n/a
  LAMMPS          n/a          n/a          n/a          n/a          n/a
 DESMOND   -0.0067780   -0.0001494          n/a    0.0000000          n/a
  CHARMM          n/a          n/a          n/a          n/a          n/a

van der Waals energy differences
                AMBER      GROMACS       LAMMPS      DESMOND       CHARMM
   AMBER    0.0000000    0.1210511    0.1257000          n/a   -0.0024100
 GROMACS   -0.1210511    0.0000000    0.0046489          n/a   -0.1234611
  LAMMPS   -0.1257000   -0.0046489    0.0000000          n/a   -0.1281100
 DESMOND          n/a          n/a          n/a          n/a          n/a
  CHARMM    0.0024100    0.1234611    0.1281100          n/a    0.0000000

Electrostatic energy differences
                AMBER      GROMACS       LAMMPS      DESMOND       CHARMM
   AMBER    0.0000000    0.8264705    0.8941000          n/a    1.4704600
 GROMACS   -0.8264705    0.0000000    0.0676295          n/a    0.6439895
  LAMMPS   -0.8941000   -0.0676295    0.0000000          n/a    0.5763600
 DESMOND          n/a          n/a          n/a          n/a          n/a
  CHARMM   -1.4704600   -0.6439895   -0.5763600          n/a    0.0000000

Nonbonded energy differences
                AMBER      GROMACS       LAMMPS      DESMOND       CHARMM
   AMBER    0.0000000    0.9475216    1.0198000          n/a    1.4680500
 GROMACS   -0.9475216    0.0000000    0.0722784          n/a    0.5205284
  LAMMPS   -1.0198000   -0.0722784    0.0000000          n/a    0.4482500
 DESMOND          n/a          n/a          n/a          n/a          n/a
  CHARMM   -1.4680500   -0.5205284   -0.4482500          n/a    0.0000000

Potential energy differences
                AMBER      GROMACS       LAMMPS      DESMOND       CHARMM
   AMBER    0.0000000    0.9475817    1.0210000    1.1760000    1.4649700
 GROMACS   -0.9475817    0.0000000    0.0734183    0.2284183    0.5173883
  LAMMPS   -1.0210000   -0.0734183    0.0000000    0.1550000    0.4439700
 DESMOND   -1.1760000   -0.2284183   -0.1550000    0.0000000    0.2889700
  CHARMM   -1.4649700   -0.5173883   -0.4439700   -0.2889700    0.0000000

****************
CBC-G5
****************
                      AMBER      GROMACS       LAMMPS      DESMOND       CHARMM
          Bond     35.3521000     35.3520644     35.3520640     35.3521280     35.3521200
         Angle    120.6785000    120.6784755    120.6784800    120.6782230    120.6782000
 All dihedrals     73.5783000     73.5782044     73.5782000     73.5780830     73.5814100
        Bonded    229.6089000    229.6087443    229.6087440    229.6084340    229.6117300
         LJ-14     54.2804000     54.2802827            n/a     54.2803623            n/a
    Coulomb-14    -60.9676000    -60.9696565            n/a    -60.9696972            n/a
 van der Waals   2988.4319000   2988.3312342   2988.3264000            n/a   2988.4273800
 Electrostatic -23969.3361000 -23969.8672860 -23969.9110000            n/a -23970.4781000
     Nonbonded -20980.9042000 -20981.5360518 -20981.5846000            n/a -20982.0507200
     Potential -20751.2953000 -20751.9273074 -20751.9790000 -20752.1949000 -20752.4390100

Bond energy differences
                AMBER      GROMACS       LAMMPS      DESMOND       CHARMM
   AMBER    0.0000000    0.0000356    0.0000360   -0.0000280   -0.0000200
 GROMACS   -0.0000356    0.0000000    0.0000004   -0.0000636   -0.0000556
  LAMMPS   -0.0000360   -0.0000004    0.0000000   -0.0000640   -0.0000560
 DESMOND    0.0000280    0.0000636    0.0000640    0.0000000    0.0000080
  CHARMM    0.0000200    0.0000556    0.0000560   -0.0000080    0.0000000

Angle energy differences
                AMBER      GROMACS       LAMMPS      DESMOND       CHARMM
   AMBER    0.0000000    0.0000245    0.0000200    0.0002770    0.0003000
 GROMACS   -0.0000245    0.0000000   -0.0000045    0.0002525    0.0002755
  LAMMPS   -0.0000200    0.0000045    0.0000000    0.0002570    0.0002800
 DESMOND   -0.0002770   -0.0002525   -0.0002570    0.0000000    0.0000230
  CHARMM   -0.0003000   -0.0002755   -0.0002800   -0.0000230    0.0000000

All dihedrals energy differences
                AMBER      GROMACS       LAMMPS      DESMOND       CHARMM
   AMBER    0.0000000    0.0000956    0.0001000    0.0002170   -0.0031100
 GROMACS   -0.0000956    0.0000000    0.0000044    0.0001214   -0.0032056
  LAMMPS   -0.0001000   -0.0000044    0.0000000    0.0001170   -0.0032100
 DESMOND   -0.0002170   -0.0001214   -0.0001170    0.0000000   -0.0033270
  CHARMM    0.0031100    0.0032056    0.0032100    0.0033270    0.0000000

Bonded energy differences
                AMBER      GROMACS       LAMMPS      DESMOND       CHARMM
   AMBER    0.0000000    0.0001557    0.0001560    0.0004660   -0.0028300
 GROMACS   -0.0001557    0.0000000    0.0000003    0.0003103   -0.0029857
  LAMMPS   -0.0001560   -0.0000003    0.0000000    0.0003100   -0.0029860
 DESMOND   -0.0004660   -0.0003103   -0.0003100    0.0000000   -0.0032960
  CHARMM    0.0028300    0.0029857    0.0029860    0.0032960    0.0000000

LJ-14 energy differences
                AMBER      GROMACS       LAMMPS      DESMOND       CHARMM
   AMBER    0.0000000    0.0001173          n/a    0.0000377          n/a
 GROMACS   -0.0001173    0.0000000          n/a   -0.0000796          n/a
  LAMMPS          n/a          n/a          n/a          n/a          n/a
 DESMOND   -0.0000377    0.0000796          n/a    0.0000000          n/a
  CHARMM          n/a          n/a          n/a          n/a          n/a

Coulomb-14 energy differences
                AMBER      GROMACS       LAMMPS      DESMOND       CHARMM
   AMBER    0.0000000    0.0020565          n/a    0.0020972          n/a
 GROMACS   -0.0020565    0.0000000          n/a    0.0000407          n/a
  LAMMPS          n/a          n/a          n/a          n/a          n/a
 DESMOND   -0.0020972   -0.0000407          n/a    0.0000000          n/a
  CHARMM          n/a          n/a          n/a          n/a          n/a

van der Waals energy differences
                AMBER      GROMACS       LAMMPS      DESMOND       CHARMM
   AMBER    0.0000000    0.1006658    0.1055000          n/a    0.0045200
 GROMACS   -0.1006658    0.0000000    0.0048342          n/a   -0.0961458
  LAMMPS   -0.1055000   -0.0048342    0.0000000          n/a   -0.1009800
 DESMOND          n/a          n/a          n/a          n/a          n/a
  CHARMM   -0.0045200    0.0961458    0.1009800          n/a    0.0000000

Electrostatic energy differences
                AMBER      GROMACS       LAMMPS      DESMOND       CHARMM
   AMBER    0.0000000    0.5311860    0.5749000          n/a    1.1420000
 GROMACS   -0.5311860    0.0000000    0.0437140          n/a    0.6108140
  LAMMPS   -0.5749000   -0.0437140    0.0000000          n/a    0.5671000
 DESMOND          n/a          n/a          n/a          n/a          n/a
  CHARMM   -1.1420000   -0.6108140   -0.5671000          n/a    0.0000000

Nonbonded energy differences
                AMBER      GROMACS       LAMMPS      DESMOND       CHARMM
   AMBER    0.0000000    0.6318518    0.6804000          n/a    1.1465200
 GROMACS   -0.6318518    0.0000000    0.0485482          n/a    0.5146682
  LAMMPS   -0.6804000   -0.0485482    0.0000000          n/a    0.4661200
 DESMOND          n/a          n/a          n/a          n/a          n/a
  CHARMM   -1.1465200   -0.5146682   -0.4661200          n/a    0.0000000

Potential energy differences
                AMBER      GROMACS       LAMMPS      DESMOND       CHARMM
   AMBER    0.0000000    0.6320074    0.6837000    0.8996000    1.1437100
 GROMACS   -0.6320074    0.0000000    0.0516926    0.2675926    0.5117026
  LAMMPS   -0.6837000   -0.0516926    0.0000000    0.2159000    0.4600100
 DESMOND   -0.8996000   -0.2675926   -0.2159000    0.0000000    0.2441100
  CHARMM   -1.1437100   -0.5117026   -0.4600100   -0.2441100    0.0000000

****************
CBC-G6
****************
                      AMBER      GROMACS       LAMMPS      DESMOND       CHARMM
          Bond     38.2150000     38.2150256     38.2150260     38.2152603     38.2150100
         Angle    119.9128000    119.9128474    119.9128500    119.9126910    119.9123300
 All dihedrals     80.0268000     80.0267279     80.0267400     80.0267929     80.0307500
        Bonded    238.1546000    238.1546009    238.1546160    238.1547442    238.1580900
         LJ-14     62.5586000     62.5585670            n/a     62.5586062            n/a
    Coulomb-14    -35.1057000    -35.1068676            n/a    -35.1068330            n/a
 van der Waals   3063.6191000   3063.5188698   3063.5135000            n/a   3063.6309600
 Electrostatic -24024.2047000 -24024.8991655 -24024.9570000            n/a -24025.5124800
     Nonbonded -20960.5856000 -20961.3802957 -20961.4435000            n/a -20961.8815200
     Potential -20722.4310000 -20723.2256948 -20723.2860000 -20723.3147000 -20723.7234300

Bond energy differences
                AMBER      GROMACS       LAMMPS      DESMOND       CHARMM
   AMBER    0.0000000   -0.0000256   -0.0000260   -0.0002603   -0.0000100
 GROMACS    0.0000256    0.0000000   -0.0000004   -0.0002347    0.0000156
  LAMMPS    0.0000260    0.0000004    0.0000000   -0.0002343    0.0000160
 DESMOND    0.0002603    0.0002347    0.0002343    0.0000000    0.0002503
  CHARMM    0.0000100   -0.0000156   -0.0000160   -0.0002503    0.0000000

Angle energy differences
                AMBER      GROMACS       LAMMPS      DESMOND       CHARMM
   AMBER    0.0000000   -0.0000474   -0.0000500    0.0001090    0.0004700
 GROMACS    0.0000474    0.0000000   -0.0000026    0.0001564    0.0005174
  LAMMPS    0.0000500    0.0000026    0.0000000    0.0001590    0.0005200
 DESMOND   -0.0001090   -0.0001564   -0.0001590    0.0000000    0.0003610
  CHARMM   -0.0004700   -0.0005174   -0.0005200   -0.0003610    0.0000000

All dihedrals energy differences
                AMBER      GROMACS       LAMMPS      DESMOND       CHARMM
   AMBER    0.0000000    0.0000721    0.0000600    0.0000071   -0.0039500
 GROMACS   -0.0000721    0.0000000   -0.0000121   -0.0000650   -0.0040221
  LAMMPS   -0.0000600    0.0000121    0.0000000   -0.0000529   -0.0040100
 DESMOND   -0.0000071    0.0000650    0.0000529    0.0000000   -0.0039571
  CHARMM    0.0039500    0.0040221    0.0040100    0.0039571    0.0000000

Bonded energy differences
                AMBER      GROMACS       LAMMPS      DESMOND       CHARMM
   AMBER    0.0000000   -0.0000009   -0.0000160   -0.0001442   -0.0034900
 GROMACS    0.0000009    0.0000000   -0.0000151   -0.0001433   -0.0034891
  LAMMPS    0.0000160    0.0000151    0.0000000   -0.0001282   -0.0034740
 DESMOND    0.0001442    0.0001433    0.0001282    0.0000000   -0.0033458
  CHARMM    0.0034900    0.0034891    0.0034740    0.0033458    0.0000000

LJ-14 energy differences
                AMBER      GROMACS       LAMMPS      DESMOND       CHARMM
   AMBER    0.0000000    0.0000330          n/a   -0.0000062          n/a
 GROMACS   -0.0000330    0.0000000          n/a   -0.0000392          n/a
  LAMMPS          n/a          n/a          n/a          n/a          n/a
 DESMOND    0.0000062    0.0000392          n/a    0.0000000          n/a
  CHARMM          n/a          n/a          n/a          n/a          n/a

Coulomb-14 energy differences
                AMBER      GROMACS       LAMMPS      DESMOND       CHARMM
   AMBER    0.0000000    0.0011676          n/a    0.0011330          n/a
 GROMACS   -0.0011676    0.0000000          n/a   -0.0000346          n/a
  LAMMPS          n/a          n/a          n/a          n/a          n/a
 DESMOND   -0.0011330    0.0000346          n/a    0.0000000          n/a
  CHARMM          n/a          n/a          n/a          n/a          n/a

van der Waals energy differences
                AMBER      GROMACS       LAMMPS      DESMOND       CHARMM
   AMBER    0.0000000    0.1002302    0.1056000          n/a   -0.0118600
 GROMACS   -0.1002302    0.0000000    0.0053698          n/a   -0.1120902
  LAMMPS   -0.1056000   -0.0053698    0.0000000          n/a   -0.1174600
 DESMOND          n/a          n/a          n/a          n/a          n/a
  CHARMM    0.0118600    0.1120902    0.1174600          n/a    0.0000000

Electrostatic energy differences
                AMBER      GROMACS       LAMMPS      DESMOND       CHARMM
   AMBER    0.0000000    0.6944656    0.7523000          n/a    1.3077800
 GROMACS   -0.6944656    0.0000000    0.0578344          n/a    0.6133145
  LAMMPS   -0.7523000   -0.0578344    0.0000000          n/a    0.5554800
 DESMOND          n/a          n/a          n/a          n/a          n/a
  CHARMM   -1.3077800   -0.6133145   -0.5554800          n/a    0.0000000

Nonbonded energy differences
                AMBER      GROMACS       LAMMPS      DESMOND       CHARMM
   AMBER    0.0000000    0.7946957    0.8579000          n/a    1.2959200
 GROMACS   -0.7946957    0.0000000    0.0632043          n/a    0.5012243
  LAMMPS   -0.8579000   -0.0632043    0.0000000          n/a    0.4380200
 DESMOND          n/a          n/a          n/a          n/a          n/a
  CHARMM   -1.2959200   -0.5012243   -0.4380200          n/a    0.0000000

Potential energy differences
                AMBER      GROMACS       LAMMPS      DESMOND       CHARMM
