
****************
CBC-G1
****************
                      AMBER      GROMACS       LAMMPS      DESMOND       CHARMM
          Bond     36.5212000     36.5231393     36.5231390     36.5234178     36.5211200
         Angle    113.5427000    113.5428300    113.5428300    113.5430940    113.5423800
 All dihedrals     67.7460000     67.7456647     67.7456670     67.7456058     67.7494000
        Bonded    217.8099000    217.8116339    217.8116360    217.8121176    217.8129000
         LJ-14     43.8416000     43.8415951            n/a     43.8416370            n/a
    Coulomb-14      0.8189000      0.8188358            n/a      0.8187787            n/a
 van der Waals   2921.5329000   2921.4817828   2921.4775000            n/a   2921.5469100
 Electrostatic -23992.6271000 -23993.5385048 -23993.6080000            n/a -23994.1029300
     Nonbonded -21071.0942000 -21072.0567220 -21072.1305000            n/a -21072.5560200
     Potential -20853.2843000 -20854.2450881 -20854.3150000 -20854.4095000 -20854.7431100

Bond energy differences
                AMBER      GROMACS       LAMMPS      DESMOND       CHARMM
   AMBER    0.0000000   -0.0019393   -0.0019390   -0.0022178    0.0000800
 GROMACS    0.0019393    0.0000000    0.0000003   -0.0002785    0.0020193
  LAMMPS    0.0019390   -0.0000003    0.0000000   -0.0002788    0.0020190
 DESMOND    0.0022178    0.0002785    0.0002788    0.0000000    0.0022978
  CHARMM   -0.0000800   -0.0020193   -0.0020190   -0.0022978    0.0000000

Angle energy differences
                AMBER      GROMACS       LAMMPS      DESMOND       CHARMM
   AMBER    0.0000000   -0.0001300   -0.0001300   -0.0003940    0.0003200
 GROMACS    0.0001300    0.0000000   -0.0000000   -0.0002640    0.0004500
  LAMMPS    0.0001300    0.0000000    0.0000000   -0.0002640    0.0004500
 DESMOND    0.0003940    0.0002640    0.0002640    0.0000000    0.0007140
  CHARMM   -0.0003200   -0.0004500   -0.0004500   -0.0007140    0.0000000

All dihedrals energy differences
                AMBER      GROMACS       LAMMPS      DESMOND       CHARMM
   AMBER    0.0000000    0.0003353    0.0003330    0.0003942   -0.0034000
 GROMACS   -0.0003353    0.0000000   -0.0000023    0.0000589   -0.0037353
  LAMMPS   -0.0003330    0.0000023    0.0000000    0.0000612   -0.0037330
 DESMOND   -0.0003942   -0.0000589   -0.0000612    0.0000000   -0.0037942
  CHARMM    0.0034000    0.0037353    0.0037330    0.0037942    0.0000000

Bonded energy differences
                AMBER      GROMACS       LAMMPS      DESMOND       CHARMM
   AMBER    0.0000000   -0.0017339   -0.0017360   -0.0022176   -0.0030000
 GROMACS    0.0017339    0.0000000   -0.0000021   -0.0004837   -0.0012661
  LAMMPS    0.0017360    0.0000021    0.0000000   -0.0004816   -0.0012640
 DESMOND    0.0022176    0.0004837    0.0004816    0.0000000   -0.0007824
  CHARMM    0.0030000    0.0012661    0.0012640    0.0007824    0.0000000

LJ-14 energy differences
                AMBER      GROMACS       LAMMPS      DESMOND       CHARMM
   AMBER    0.0000000    0.0000049          n/a   -0.0000370          n/a
 GROMACS   -0.0000049    0.0000000          n/a   -0.0000419          n/a
  LAMMPS          n/a          n/a          n/a          n/a          n/a
 DESMOND    0.0000370    0.0000419          n/a    0.0000000          n/a
  CHARMM          n/a          n/a          n/a          n/a          n/a

Coulomb-14 energy differences
                AMBER      GROMACS       LAMMPS      DESMOND       CHARMM
   AMBER    0.0000000    0.0000642          n/a    0.0001213          n/a
 GROMACS   -0.0000642    0.0000000          n/a    0.0000571          n/a
  LAMMPS          n/a          n/a          n/a          n/a          n/a
 DESMOND   -0.0001213   -0.0000571          n/a    0.0000000          n/a
  CHARMM          n/a          n/a          n/a          n/a          n/a

van der Waals energy differences
                AMBER      GROMACS       LAMMPS      DESMOND       CHARMM
   AMBER    0.0000000    0.0511172    0.0554000          n/a   -0.0140100
 GROMACS   -0.0511172    0.0000000    0.0042828          n/a   -0.0651272
  LAMMPS   -0.0554000   -0.0042828    0.0000000          n/a   -0.0694100
 DESMOND          n/a          n/a          n/a          n/a          n/a
  CHARMM    0.0140100    0.0651272    0.0694100          n/a    0.0000000

Electrostatic energy differences
                AMBER      GROMACS       LAMMPS      DESMOND       CHARMM
   AMBER    0.0000000    0.9114048    0.9809000          n/a    1.4758300
 GROMACS   -0.9114048    0.0000000    0.0694952          n/a    0.5644252
  LAMMPS   -0.9809000   -0.0694952    0.0000000          n/a    0.4949300
 DESMOND          n/a          n/a          n/a          n/a          n/a
  CHARMM   -1.4758300   -0.5644252   -0.4949300          n/a    0.0000000

Nonbonded energy differences
                AMBER      GROMACS       LAMMPS      DESMOND       CHARMM
   AMBER    0.0000000    0.9625220    1.0363000          n/a    1.4618200
 GROMACS   -0.9625220    0.0000000    0.0737780          n/a    0.4992980
  LAMMPS   -1.0363000   -0.0737780    0.0000000          n/a    0.4255200
 DESMOND          n/a          n/a          n/a          n/a          n/a
  CHARMM   -1.4618200   -0.4992980   -0.4255200          n/a    0.0000000

Potential energy differences
                AMBER      GROMACS       LAMMPS      DESMOND       CHARMM
   AMBER    0.0000000    0.9607881    1.0307000    1.1252000    1.4588100
 GROMACS   -0.9607881    0.0000000    0.0699119    0.1644119    0.4980219
  LAMMPS   -1.0307000   -0.0699119    0.0000000    0.0945000    0.4281100
 DESMOND   -1.1252000   -0.1644119   -0.0945000    0.0000000    0.3336100
  CHARMM   -1.4588100   -0.4980219   -0.4281100   -0.3336100    0.0000000

****************
CBC-G10
****************
                      AMBER      GROMACS       LAMMPS      DESMOND       CHARMM
          Bond     42.6187000     42.6176699     42.6176700     42.6170525     42.6187500
         Angle    132.0880000    132.0881077    132.0881100    132.0886750    132.0879100
 All dihedrals     78.1154000     78.1150133     78.1150010     78.1149938     78.1186000
        Bonded    252.8221000    252.8207910    252.8207810    252.8207213    252.8252600
         LJ-14     48.2048000     48.2045963            n/a     48.2045767            n/a
    Coulomb-14    -26.6324000    -26.6332011            n/a    -26.6332607            n/a
 van der Waals   2986.8106000   2986.7078720   2986.7029000            n/a   2986.8169300
 Electrostatic -24027.7386000 -24027.9606725 -24027.9850000            n/a -24028.5771600
     Nonbonded -21040.9280000 -21041.2528005 -21041.2821000            n/a -21041.7602300
     Potential -20788.1059000 -20788.4320095 -20788.4600000 -20788.5462000 -20788.9349700

Bond energy differences
                AMBER      GROMACS       LAMMPS      DESMOND       CHARMM
   AMBER    0.0000000    0.0010300    0.0010300    0.0016475   -0.0000500
 GROMACS   -0.0010300    0.0000000   -0.0000000    0.0006175   -0.0010800
  LAMMPS   -0.0010300    0.0000000    0.0000000    0.0006175   -0.0010800
 DESMOND   -0.0016475   -0.0006175   -0.0006175    0.0000000   -0.0016975
  CHARMM    0.0000500    0.0010800    0.0010800    0.0016975    0.0000000

Angle energy differences
                AMBER      GROMACS       LAMMPS      DESMOND       CHARMM
   AMBER    0.0000000   -0.0001077   -0.0001100   -0.0006750    0.0000900
 GROMACS    0.0001077    0.0000000   -0.0000023   -0.0005673    0.0001977
  LAMMPS    0.0001100    0.0000023    0.0000000   -0.0005650    0.0002000
 DESMOND    0.0006750    0.0005673    0.0005650    0.0000000    0.0007650
  CHARMM   -0.0000900   -0.0001977   -0.0002000   -0.0007650    0.0000000

All dihedrals energy differences
                AMBER      GROMACS       LAMMPS      DESMOND       CHARMM
   AMBER    0.0000000    0.0003867    0.0003990    0.0004062   -0.0032000
 GROMACS   -0.0003867    0.0000000    0.0000123    0.0000195   -0.0035867
  LAMMPS   -0.0003990   -0.0000123    0.0000000    0.0000072   -0.0035990
 DESMOND   -0.0004062   -0.0000195   -0.0000072    0.0000000   -0.0036062
  CHARMM    0.0032000    0.0035867    0.0035990    0.0036062    0.0000000

Bonded energy differences
                AMBER      GROMACS       LAMMPS      DESMOND       CHARMM
   AMBER    0.0000000    0.0013090    0.0013190    0.0013787   -0.0031600
 GROMACS   -0.0013090    0.0000000    0.0000100    0.0000697   -0.0044690
  LAMMPS   -0.0013190   -0.0000100    0.0000000    0.0000597   -0.0044790
 DESMOND   -0.0013787   -0.0000697   -0.0000597    0.0000000   -0.0045387
  CHARMM    0.0031600    0.0044690    0.0044790    0.0045387    0.0000000

LJ-14 energy differences
                AMBER      GROMACS       LAMMPS      DESMOND       CHARMM
   AMBER    0.0000000    0.0002037          n/a    0.0002233          n/a
 GROMACS   -0.0002037    0.0000000          n/a    0.0000196          n/a
  LAMMPS          n/a          n/a          n/a          n/a          n/a
 DESMOND   -0.0002233   -0.0000196          n/a    0.0000000          n/a
  CHARMM          n/a          n/a          n/a          n/a          n/a

Coulomb-14 energy differences
                AMBER      GROMACS       LAMMPS      DESMOND       CHARMM
   AMBER    0.0000000    0.0008011          n/a    0.0008607          n/a
 GROMACS   -0.0008011    0.0000000          n/a    0.0000596          n/a
  LAMMPS          n/a          n/a          n/a          n/a          n/a
 DESMOND   -0.0008607   -0.0000596          n/a    0.0000000          n/a
  CHARMM          n/a          n/a          n/a          n/a          n/a

van der Waals energy differences
                AMBER      GROMACS       LAMMPS      DESMOND       CHARMM
   AMBER    0.0000000    0.1027280    0.1077000          n/a   -0.0063300
 GROMACS   -0.1027280    0.0000000    0.0049720          n/a   -0.1090580
  LAMMPS   -0.1077000   -0.0049720    0.0000000          n/a   -0.1140300
 DESMOND          n/a          n/a          n/a          n/a          n/a
  CHARMM    0.0063300    0.1090580    0.1140300          n/a    0.0000000

Electrostatic energy differences
                AMBER      GROMACS       LAMMPS      DESMOND       CHARMM
   AMBER    0.0000000    0.2220725    0.2464000          n/a    0.8385600
 GROMACS   -0.2220725    0.0000000    0.0243275          n/a    0.6164875
  LAMMPS   -0.2464000   -0.0243275    0.0000000          n/a    0.5921600
 DESMOND          n/a          n/a          n/a          n/a          n/a
  CHARMM   -0.8385600   -0.6164875   -0.5921600          n/a    0.0000000

Nonbonded energy differences
                AMBER      GROMACS       LAMMPS      DESMOND       CHARMM
   AMBER    0.0000000    0.3248005    0.3541000          n/a    0.8322300
 GROMACS   -0.3248005    0.0000000    0.0292995          n/a    0.5074295
  LAMMPS   -0.3541000   -0.0292995    0.0000000          n/a    0.4781300
 DESMOND          n/a          n/a          n/a          n/a          n/a
  CHARMM   -0.8322300   -0.5074295   -0.4781300          n/a    0.0000000

Potential energy differences
                AMBER      GROMACS       LAMMPS      DESMOND       CHARMM
   AMBER    0.0000000    0.3261095    0.3541000    0.4403000    0.8290700
 GROMACS   -0.3261095    0.0000000    0.0279905    0.1141905    0.5029605
  LAMMPS   -0.3541000   -0.0279905    0.0000000    0.0862000    0.4749700
 DESMOND   -0.4403000   -0.1141905   -0.0862000    0.0000000    0.3887700
  CHARMM   -0.8290700   -0.5029605   -0.4749700   -0.3887700    0.0000000

****************
CBC-G2
****************
                      AMBER      GROMACS       LAMMPS      DESMOND       CHARMM
          Bond     30.5831000     30.5835417     30.5835420     30.5836502     30.5829200
         Angle    109.2753000    109.2744353    109.2744400    109.2744960    109.2748500
 All dihedrals     69.6058000     69.6054050     69.6054060     69.6053300     69.6093100
        Bonded    209.4642000    209.4633820    209.4633880    209.4634762    209.4670800
         LJ-14     40.1961000     40.1958335            n/a     40.1960606            n/a
    Coulomb-14    -19.9563000    -19.9569532            n/a    -19.9570656            n/a
 van der Waals   3017.0936000   3017.0801051   3017.0759000            n/a   3017.0878700
 Electrostatic -23970.2466000 -23971.0696641 -23971.1250000            n/a -23971.5803900
     Nonbonded -20953.1530000 -20953.9895590 -20954.0491000            n/a -20954.4925200
     Potential -20743.6888000 -20744.5261769 -20744.5830000 -20744.7070000 -20745.0254400

Bond energy differences
                AMBER      GROMACS       LAMMPS      DESMOND       CHARMM
   AMBER    0.0000000   -0.0004417   -0.0004420   -0.0005502    0.0001800
 GROMACS    0.0004417    0.0000000   -0.0000003   -0.0001085    0.0006217
  LAMMPS    0.0004420    0.0000003    0.0000000   -0.0001082    0.0006220
 DESMOND    0.0005502    0.0001085    0.0001082    0.0000000    0.0007302
  CHARMM   -0.0001800   -0.0006217   -0.0006220   -0.0007302    0.0000000

Angle energy differences
                AMBER      GROMACS       LAMMPS      DESMOND       CHARMM
   AMBER    0.0000000    0.0008647    0.0008600    0.0008040    0.0004500
 GROMACS   -0.0008647    0.0000000   -0.0000047   -0.0000607   -0.0004147
  LAMMPS   -0.0008600    0.0000047    0.0000000   -0.0000560   -0.0004100
 DESMOND   -0.0008040    0.0000607    0.0000560    0.0000000   -0.0003540
  CHARMM   -0.0004500    0.0004147    0.0004100    0.0003540    0.0000000

All dihedrals energy differences
                AMBER      GROMACS       LAMMPS      DESMOND       CHARMM
   AMBER    0.0000000    0.0003950    0.0003940    0.0004700   -0.0035100
 GROMACS   -0.0003950    0.0000000   -0.0000010    0.0000750   -0.0039050
  LAMMPS   -0.0003940    0.0000010    0.0000000    0.0000760   -0.0039040
 DESMOND   -0.0004700   -0.0000750   -0.0000760    0.0000000   -0.0039800
  CHARMM    0.0035100    0.0039050    0.0039040    0.0039800    0.0000000

Bonded energy differences
                AMBER      GROMACS       LAMMPS      DESMOND       CHARMM
   AMBER    0.0000000    0.0008180    0.0008120    0.0007238   -0.0028800
 GROMACS   -0.0008180    0.0000000   -0.0000060   -0.0000942   -0.0036980
  LAMMPS   -0.0008120    0.0000060    0.0000000   -0.0000882   -0.0036920
 DESMOND   -0.0007238    0.0000942    0.0000882    0.0000000   -0.0036038
  CHARMM    0.0028800    0.0036980    0.0036920    0.0036038    0.0000000

LJ-14 energy differences
                AMBER      GROMACS       LAMMPS      DESMOND       CHARMM
   AMBER    0.0000000    0.0002665          n/a    0.0000394          n/a
 GROMACS   -0.0002665    0.0000000          n/a   -0.0002271          n/a
  LAMMPS          n/a          n/a          n/a          n/a          n/a
 DESMOND   -0.0000394    0.0002271          n/a    0.0000000          n/a
  CHARMM          n/a          n/a          n/a          n/a          n/a

Coulomb-14 energy differences
                AMBER      GROMACS       LAMMPS      DESMOND       CHARMM
   AMBER    0.0000000    0.0006532          n/a    0.0007656          n/a
 GROMACS   -0.0006532    0.0000000          n/a    0.0001124          n/a
  LAMMPS          n/a          n/a          n/a          n/a          n/a
 DESMOND   -0.0007656   -0.0001124          n/a    0.0000000          n/a
  CHARMM          n/a          n/a          n/a          n/a          n/a

van der Waals energy differences
                AMBER      GROMACS       LAMMPS      DESMOND       CHARMM
   AMBER    0.0000000    0.0134949    0.0177000          n/a    0.0057300
 GROMACS   -0.0134949    0.0000000    0.0042051          n/a   -0.0077649
  LAMMPS   -0.0177000   -0.0042051    0.0000000          n/a   -0.0119700
 DESMOND          n/a          n/a          n/a          n/a          n/a
  CHARMM   -0.0057300    0.0077649    0.0119700          n/a    0.0000000

Electrostatic energy differences
                AMBER      GROMACS       LAMMPS      DESMOND       CHARMM
   AMBER    0.0000000    0.8230641    0.8784000          n/a    1.3337900
 GROMACS   -0.8230641    0.0000000    0.0553359          n/a    0.5107259
  LAMMPS   -0.8784000   -0.0553359    0.0000000          n/a    0.4553900
 DESMOND          n/a          n/a          n/a          n/a          n/a
  CHARMM   -1.3337900   -0.5107259   -0.4553900          n/a    0.0000000

Nonbonded energy differences
                AMBER      GROMACS       LAMMPS      DESMOND       CHARMM
   AMBER    0.0000000    0.8365590    0.8961000          n/a    1.3395200
 GROMACS   -0.8365590    0.0000000    0.0595410          n/a    0.5029610
  LAMMPS   -0.8961000   -0.0595410    0.0000000          n/a    0.4434200
 DESMOND          n/a          n/a          n/a          n/a          n/a
  CHARMM   -1.3395200   -0.5029610   -0.4434200          n/a    0.0000000

Potential energy differences
                AMBER      GROMACS       LAMMPS      DESMOND       CHARMM
   AMBER    0.0000000    0.8373769    0.8942000    1.0182000    1.3366400
 GROMACS   -0.8373769    0.0000000    0.0568230    0.1808230    0.4992631
  LAMMPS   -0.8942000   -0.0568230    0.0000000    0.1240000    0.4424400
 DESMOND   -1.0182000   -0.1808230   -0.1240000    0.0000000    0.3184400
  CHARMM   -1.3366400   -0.4992631   -0.4424400   -0.3184400    0.0000000

****************
CBC-G3
****************
                      AMBER      GROMACS       LAMMPS      DESMOND       CHARMM
          Bond     27.1751000     27.1741403     27.1741400     27.1741012     27.1750600
         Angle    131.4169000    131.4168439    131.4168400    131.4170600    131.4163900
 All dihedrals     72.5569000     72.5566014     72.5566140     72.5565464     72.5609500
        Bonded    231.1489000    231.1475856    231.1475940    231.1477076    231.1524000
         LJ-14     39.7093000     39.7092103            n/a     39.7092126            n/a
    Coulomb-14     43.2644000     43.2660965            n/a     43.2661311            n/a
 van der Waals   2936.3224000   2936.2351594   2936.2308000            n/a   2936.3283000
 Electrostatic -23665.1497000 -23666.1186350 -23666.1950000            n/a -23666.7097200
     Nonbonded -20728.8273000 -20729.8834756 -20729.9642000            n/a -20730.3814200
     Potential -20497.6784000 -20498.7358900 -20498.8140000 -20498.7536000 -20499.2290200

Bond energy differences
                AMBER      GROMACS       LAMMPS      DESMOND       CHARMM
   AMBER    0.0000000    0.0009597    0.0009600    0.0009988    0.0000400
 GROMACS   -0.0009597    0.0000000    0.0000003    0.0000391   -0.0009197
  LAMMPS   -0.0009600   -0.0000003    0.0000000    0.0000388   -0.0009200
 DESMOND   -0.0009988   -0.0000391   -0.0000388    0.0000000   -0.0009588
  CHARMM   -0.0000400    0.0009197    0.0009200    0.0009588    0.0000000

Angle energy differences
                AMBER      GROMACS       LAMMPS      DESMOND       CHARMM
   AMBER    0.0000000    0.0000561    0.0000600   -0.0001600    0.0005100
 GROMACS   -0.0000561    0.0000000    0.0000039   -0.0002161    0.0004539
  LAMMPS   -0.0000600   -0.0000039    0.0000000   -0.0002200    0.0004500
 DESMOND    0.0001600    0.0002161    0.0002200    0.0000000    0.0006700
  CHARMM   -0.0005100   -0.0004539   -0.0004500   -0.0006700    0.0000000

All dihedrals energy differences
                AMBER      GROMACS       LAMMPS      DESMOND       CHARMM
   AMBER    0.0000000    0.0002986    0.0002860    0.0003536   -0.0040500
 GROMACS   -0.0002986    0.0000000   -0.0000126    0.0000550   -0.0043486
  LAMMPS   -0.0002860    0.0000126    0.0000000    0.0000676   -0.0043360
 DESMOND   -0.0003536   -0.0000550   -0.0000676    0.0000000   -0.0044036
  CHARMM    0.0040500    0.0043486    0.0043360    0.0044036    0.0000000

Bonded energy differences
                AMBER      GROMACS       LAMMPS      DESMOND       CHARMM
   AMBER    0.0000000    0.0013144    0.0013060    0.0011924   -0.0035000
 GROMACS   -0.0013144    0.0000000   -0.0000084   -0.0001220   -0.0048144
  LAMMPS   -0.0013060    0.0000084    0.0000000   -0.0001136   -0.0048060
 DESMOND   -0.0011924    0.0001220    0.0001136    0.0000000   -0.0046924
  CHARMM    0.0035000    0.0048144    0.0048060    0.0046924    0.0000000

LJ-14 energy differences
                AMBER      GROMACS       LAMMPS      DESMOND       CHARMM
   AMBER    0.0000000    0.0000897          n/a    0.0000874          n/a
 GROMACS   -0.0000897    0.0000000          n/a   -0.0000023          n/a
  LAMMPS          n/a          n/a          n/a          n/a          n/a
 DESMOND   -0.0000874    0.0000023          n/a    0.0000000          n/a
  CHARMM          n/a          n/a          n/a          n/a          n/a

Coulomb-14 energy differences
                AMBER      GROMACS       LAMMPS      DESMOND       CHARMM
   AMBER    0.0000000   -0.0016965          n/a   -0.0017311          n/a
 GROMACS    0.0016965    0.0000000          n/a   -0.0000346          n/a
  LAMMPS          n/a          n/a          n/a          n/a          n/a
 DESMOND    0.0017311    0.0000346          n/a    0.0000000          n/a
  CHARMM          n/a          n/a          n/a          n/a          n/a

van der Waals energy differences
                AMBER      GROMACS       LAMMPS      DESMOND       CHARMM
   AMBER    0.0000000    0.0872406    0.0916000          n/a   -0.0059000
 GROMACS   -0.0872406    0.0000000    0.0043594          n/a   -0.0931406
  LAMMPS   -0.0916000   -0.0043594    0.0000000          n/a   -0.0975000
 DESMOND          n/a          n/a          n/a          n/a          n/a
  CHARMM    0.0059000    0.0931406    0.0975000          n/a    0.0000000

Electrostatic energy differences
                AMBER      GROMACS       LAMMPS      DESMOND       CHARMM
   AMBER    0.0000000    0.9689350    1.0453000          n/a    1.5600200
 GROMACS   -0.9689350    0.0000000    0.0763650          n/a    0.5910850
  LAMMPS   -1.0453000   -0.0763650    0.0000000          n/a    0.5147200
 DESMOND          n/a          n/a          n/a          n/a          n/a
  CHARMM   -1.5600200   -0.5910850   -0.5147200          n/a    0.0000000

Nonbonded energy differences
                AMBER      GROMACS       LAMMPS      DESMOND       CHARMM
   AMBER    0.0000000    1.0561756    1.1369000          n/a    1.5541200
 GROMACS   -1.0561756    0.0000000    0.0807244          n/a    0.4979444
  LAMMPS   -1.1369000   -0.0807244    0.0000000          n/a    0.4172200
 DESMOND          n/a          n/a          n/a          n/a          n/a
  CHARMM   -1.5541200   -0.4979444   -0.4172200          n/a    0.0000000

Potential energy differences
                AMBER      GROMACS       LAMMPS      DESMOND       CHARMM
   AMBER    0.0000000    1.0574900    1.1356000    1.0752000    1.5506200
 GROMACS   -1.0574900    0.0000000    0.0781100    0.0177100    0.4931300
  LAMMPS   -1.1356000   -0.0781100    0.0000000   -0.0604000    0.4150200
 DESMOND   -1.0752000   -0.0177100    0.0604000    0.0000000    0.4754200
  CHARMM   -1.5506200   -0.4931300   -0.4150200   -0.4754200    0.0000000

****************
CBC-G4
****************
                      AMBER      GROMACS       LAMMPS      DESMOND       CHARMM
          Bond     41.2239000     41.2231538     41.2231540     41.2229176     41.2239700
         Angle    111.3790000    111.3790660    111.3790700    111.3792660    111.3786300
 All dihedrals     72.7377000     72.7378222     72.7378210     72.7376629     72.7411200
        Bonded    225.3406000    225.3400420    225.3400450    225.3398465    225.3437200
         LJ-14     50.6664000     50.6662632            n/a     50.6663064            n/a
    Coulomb-14   -192.6630000   -192.6696924            n/a   -192.6697760            n/a
 van der Waals   3056.6283000   3056.5073242   3056.5027000            n/a   3056.6307800
 Electrostatic -24136.1799000 -24136.9976704 -24137.0660000            n/a -24137.6503300
     Nonbonded -21079.5516000 -21080.4903463 -21080.5633000            n/a -21081.0195500
     Potential -20854.2110000 -20855.1503043 -20855.2240000 -20855.3863000 -20855.6758300

Bond energy differences
                AMBER      GROMACS       LAMMPS      DESMOND       CHARMM
   AMBER    0.0000000    0.0007462    0.0007460    0.0009824   -0.0000700
 GROMACS   -0.0007462    0.0000000   -0.0000002    0.0002362   -0.0008162
  LAMMPS   -0.0007460    0.0000002    0.0000000    0.0002364   -0.0008160
 DESMOND   -0.0009824   -0.0002362   -0.0002364    0.0000000   -0.0010524
  CHARMM    0.0000700    0.0008162    0.0008160    0.0010524    0.0000000

Angle energy differences
                AMBER      GROMACS       LAMMPS      DESMOND       CHARMM
   AMBER    0.0000000   -0.0000660   -0.0000700   -0.0002660    0.0003700
 GROMACS    0.0000660    0.0000000   -0.0000040   -0.0002000    0.0004360
  LAMMPS    0.0000700    0.0000040    0.0000000   -0.0001960    0.0004400
 DESMOND    0.0002660    0.0002000    0.0001960    0.0000000    0.0006360
  CHARMM   -0.0003700   -0.0004360   -0.0004400   -0.0006360    0.0000000

All dihedrals energy differences
                AMBER      GROMACS       LAMMPS      DESMOND       CHARMM
   AMBER    0.0000000   -0.0001222   -0.0001210    0.0000371   -0.0034200
 GROMACS    0.0001222    0.0000000    0.0000012    0.0001593   -0.0032978
  LAMMPS    0.0001210   -0.0000012    0.0000000    0.0001581   -0.0032990
 DESMOND   -0.0000371   -0.0001593   -0.0001581    0.0000000   -0.0034571
  CHARMM    0.0034200    0.0032978    0.0032990    0.0034571    0.0000000

Bonded energy differences
                AMBER      GROMACS       LAMMPS      DESMOND       CHARMM
   AMBER    0.0000000    0.0005580    0.0005550    0.0007535   -0.0031200
 GROMACS   -0.0005580    0.0000000   -0.0000030    0.0001955   -0.0036780
  LAMMPS   -0.0005550    0.0000030    0.0000000    0.0001985   -0.0036750
 DESMOND   -0.0007535   -0.0001955   -0.0001985    0.0000000   -0.0038735
  CHARMM    0.0031200    0.0036780    0.0036750    0.0038735    0.0000000

LJ-14 energy differences
                AMBER      GROMACS       LAMMPS      DESMOND       CHARMM
   AMBER    0.0000000    0.0001368          n/a    0.0000936          n/a
 GROMACS   -0.0001368    0.0000000          n/a   -0.0000432          n/a
  LAMMPS          n/a          n/a          n/a          n/a          n/a
 DESMOND   -0.0000936    0.0000432          n/a    0.0000000          n/a
  CHARMM          n/a          n/a          n/a          n/a          n/a

Coulomb-14 energy differences
                AMBER      GROMACS       LAMMPS      DESMOND       CHARMM
   AMBER    0.0000000    0.0066924          n/a    0.0067760          n/a
 GROMACS   -0.0066924    0.0000000          n/a    0.0000836          n/a
  LAMMPS          n/a          n/a          n/a          n/a          n/a
 DESMOND   -0.0067760   -0.0000836          n/a    0.0000000          n/a
  CHARMM          n/a          n/a          n/a          n/a          n/a

van der Waals energy differences
                AMBER      GROMACS       LAMMPS      DESMOND       CHARMM
   AMBER    0.0000000    0.1209758    0.1256000          n/a   -0.0024800
 GROMACS   -0.1209758    0.0000000    0.0046242          n/a   -0.1234558
  LAMMPS   -0.1256000   -0.0046242    0.0000000          n/a   -0.1280800
 DESMOND          n/a          n/a          n/a          n/a          n/a
  CHARMM    0.0024800    0.1234558    0.1280800          n/a    0.0000000

Electrostatic energy differences
                AMBER      GROMACS       LAMMPS      DESMOND       CHARMM
   AMBER    0.0000000    0.8177704    0.8861000          n/a    1.4704300
 GROMACS   -0.8177704    0.0000000    0.0683296          n/a    0.6526596
  LAMMPS   -0.8861000   -0.0683296    0.0000000          n/a    0.5843300
 DESMOND          n/a          n/a          n/a          n/a          n/a
  CHARMM   -1.4704300   -0.6526596   -0.5843300          n/a    0.0000000

Nonbonded energy differences
                AMBER      GROMACS       LAMMPS      DESMOND       CHARMM
   AMBER    0.0000000    0.9387463    1.0117000          n/a    1.4679500
 GROMACS   -0.9387463    0.0000000    0.0729537          n/a    0.5292037
  LAMMPS   -1.0117000   -0.0729537    0.0000000          n/a    0.4562500
 DESMOND          n/a          n/a          n/a          n/a          n/a
  CHARMM   -1.4679500   -0.5292037   -0.4562500          n/a    0.0000000

Potential energy differences
                AMBER      GROMACS       LAMMPS      DESMOND       CHARMM
   AMBER    0.0000000    0.9393043    1.0130000    1.1753000    1.4648300
 GROMACS   -0.9393043    0.0000000    0.0736957    0.2359957    0.5255257
  LAMMPS   -1.0130000   -0.0736957    0.0000000    0.1623000    0.4518300
 DESMOND   -1.1753000   -0.2359957   -0.1623000    0.0000000    0.2895300
  CHARMM   -1.4648300   -0.5255257   -0.4518300   -0.2895300    0.0000000

****************
CBC-G5
****************
                      AMBER      GROMACS       LAMMPS      DESMOND       CHARMM
          Bond     35.3521000     35.3532178     35.3532180     35.3526378     35.3520000
         Angle    120.6785000    120.6785285    120.6785300    120.6786400    120.6780800
 All dihedrals     73.5783000     73.5779700     73.5779660     73.5778520     73.5814100
        Bonded    229.6089000    229.6097163    229.6097140    229.6091298    229.6114900
         LJ-14     54.2804000     54.2800849            n/a     54.2801415            n/a
    Coulomb-14    -60.9676000    -60.9695648            n/a    -60.9696297            n/a
 van der Waals   2988.4319000   2988.3305305   2988.3257000            n/a   2988.4273200
 Electrostatic -23969.3361000 -23969.8676992 -23969.9120000            n/a -23970.4780800
     Nonbonded -20980.9042000 -20981.5371687 -20981.5863000            n/a -20982.0507600
     Potential -20751.2953000 -20751.9274524 -20751.9790000 -20752.1895000 -20752.4392900

Bond energy differences
                AMBER      GROMACS       LAMMPS      DESMOND       CHARMM
   AMBER    0.0000000   -0.0011178   -0.0011180   -0.0005378    0.0001000
 GROMACS    0.0011178    0.0000000   -0.0000002    0.0005800    0.0012178
  LAMMPS    0.0011180    0.0000002    0.0000000    0.0005802    0.0012180
 DESMOND    0.0005378   -0.0005800   -0.0005802    0.0000000    0.0006378
  CHARMM   -0.0001000   -0.0012178   -0.0012180   -0.0006378    0.0000000

Angle energy differences
                AMBER      GROMACS       LAMMPS      DESMOND       CHARMM
   AMBER    0.0000000   -0.0000285   -0.0000300   -0.0001400    0.0004200
 GROMACS    0.0000285    0.0000000   -0.0000015   -0.0001115    0.0004485
  LAMMPS    0.0000300    0.0000015    0.0000000   -0.0001100    0.0004500
 DESMOND    0.0001400    0.0001115    0.0001100    0.0000000    0.0005600
  CHARMM   -0.0004200   -0.0004485   -0.0004500   -0.0005600    0.0000000

All dihedrals energy differences
                AMBER      GROMACS       LAMMPS      DESMOND       CHARMM
   AMBER    0.0000000    0.0003300    0.0003340    0.0004480   -0.0031100
 GROMACS   -0.0003300    0.0000000    0.0000040    0.0001180   -0.0034400
  LAMMPS   -0.0003340   -0.0000040    0.0000000    0.0001140   -0.0034440
 DESMOND   -0.0004480   -0.0001180   -0.0001140    0.0000000   -0.0035580
  CHARMM    0.0031100    0.0034400    0.0034440    0.0035580    0.0000000

Bonded energy differences
                AMBER      GROMACS       LAMMPS      DESMOND       CHARMM
   AMBER    0.0000000   -0.0008163   -0.0008140   -0.0002298   -0.0025900
 GROMACS    0.0008163    0.0000000    0.0000023    0.0005865   -0.0017737
  LAMMPS    0.0008140   -0.0000023    0.0000000    0.0005842   -0.0017760
 DESMOND    0.0002298   -0.0005865   -0.0005842    0.0000000   -0.0023602
  CHARMM    0.0025900    0.0017737    0.0017760    0.0023602    0.0000000

LJ-14 energy differences
                AMBER      GROMACS       LAMMPS      DESMOND       CHARMM
   AMBER    0.0000000    0.0003151          n/a    0.0002585          n/a
 GROMACS   -0.0003151    0.0000000          n/a   -0.0000566          n/a
  LAMMPS          n/a          n/a          n/a          n/a          n/a
 DESMOND   -0.0002585    0.0000566          n/a    0.0000000          n/a
  CHARMM          n/a          n/a          n/a          n/a          n/a

Coulomb-14 energy differences
                AMBER      GROMACS       LAMMPS      DESMOND       CHARMM
   AMBER    0.0000000    0.0019648          n/a    0.0020297          n/a
 GROMACS   -0.0019648    0.0000000          n/a    0.0000649          n/a
  LAMMPS          n/a          n/a          n/a          n/a          n/a
 DESMOND   -0.0020297   -0.0000649          n/a    0.0000000          n/a
  CHARMM          n/a          n/a          n/a          n/a          n/a

van der Waals energy differences
                AMBER      GROMACS       LAMMPS      DESMOND       CHARMM
   AMBER    0.0000000    0.1013695    0.1062000          n/a    0.0045800
 GROMACS   -0.1013695    0.0000000    0.0048305          n/a   -0.0967895
  LAMMPS   -0.1062000   -0.0048305    0.0000000          n/a   -0.1016200
 DESMOND          n/a          n/a          n/a          n/a          n/a
  CHARMM   -0.0045800    0.0967895    0.1016200          n/a    0.0000000

Electrostatic energy differences
                AMBER      GROMACS       LAMMPS      DESMOND       CHARMM
   AMBER    0.0000000    0.5315992    0.5759000          n/a    1.1419800
 GROMACS   -0.5315992    0.0000000    0.0443008          n/a    0.6103808
  LAMMPS   -0.5759000   -0.0443008    0.0000000          n/a    0.5660800
 DESMOND          n/a          n/a          n/a          n/a          n/a
  CHARMM   -1.1419800   -0.6103808   -0.5660800          n/a    0.0000000

Nonbonded energy differences
                AMBER      GROMACS       LAMMPS      DESMOND       CHARMM
   AMBER    0.0000000    0.6329687    0.6821000          n/a    1.1465600
 GROMACS   -0.6329687    0.0000000    0.0491313          n/a    0.5135913
  LAMMPS   -0.6821000   -0.0491313    0.0000000          n/a    0.4644600
 DESMOND          n/a          n/a          n/a          n/a          n/a
  CHARMM   -1.1465600   -0.5135913   -0.4644600          n/a    0.0000000

Potential energy differences
                AMBER      GROMACS       LAMMPS      DESMOND       CHARMM
   AMBER    0.0000000    0.6321524    0.6837000    0.8942000    1.1439900
 GROMACS   -0.6321524    0.0000000    0.0515476    0.2620476    0.5118376
  LAMMPS   -0.6837000   -0.0515476    0.0000000    0.2105000    0.4602900
 DESMOND   -0.8942000   -0.2620476   -0.2105000    0.0000000    0.2497900
  CHARMM   -1.1439900   -0.5118376   -0.4602900   -0.2497900    0.0000000

****************
CBC-G6
****************
                      AMBER      GROMACS       LAMMPS      DESMOND       CHARMM
          Bond     38.2150000     38.2144307     38.2144310     38.2141603     38.2150200
         Angle    119.9128000    119.9137603    119.9137600    119.9139080    119.9123400
 All dihedrals     80.0268000     80.0271826     80.0271950     80.0270138     80.0307700
        Bonded    238.1546000    238.1553737    238.1553860    238.1550821    238.1581300
         LJ-14     62.5586000     62.5584662            n/a     62.5585927            n/a
    Coulomb-14    -35.1057000    -35.1067982            n/a    -35.1067273            n/a
 van der Waals   3063.6191000   3063.5185066   3063.5132000            n/a   3063.6311100
 Electrostatic -24024.2047000 -24024.9097221 -24024.9670000            n/a -24025.5121300
     Nonbonded -20960.5856000 -20961.3912155 -20961.4538000            n/a -20961.8810200
     Potential -20722.4310000 -20723.2358418 -20723.2960000 -20723.3230000 -20723.7228900

Bond energy differences
                AMBER      GROMACS       LAMMPS      DESMOND       CHARMM
   AMBER    0.0000000    0.0005693    0.0005690    0.0008397   -0.0000200
 GROMACS   -0.0005693    0.0000000   -0.0000003    0.0002704   -0.0005893
  LAMMPS   -0.0005690    0.0000003    0.0000000    0.0002707   -0.0005890
 DESMOND   -0.0008397   -0.0002704   -0.0002707    0.0000000   -0.0008597
  CHARMM    0.0000200    0.0005893    0.0005890    0.0008597    0.0000000

Angle energy differences
                AMBER      GROMACS       LAMMPS      DESMOND       CHARMM
   AMBER    0.0000000   -0.0009603   -0.0009600   -0.0011080    0.0004600
 GROMACS    0.0009603    0.0000000    0.0000003   -0.0001477    0.0014203
  LAMMPS    0.0009600   -0.0000003    0.0000000   -0.0001480    0.0014200
 DESMOND    0.0011080    0.0001477    0.0001480    0.0000000    0.0015680
  CHARMM   -0.0004600   -0.0014203   -0.0014200   -0.0015680    0.0000000

All dihedrals energy differences
                AMBER      GROMACS       LAMMPS      DESMOND       CHARMM
   AMBER    0.0000000   -0.0003826   -0.0003950   -0.0002138   -0.0039700
 GROMACS    0.0003826    0.0000000   -0.0000124    0.0001688   -0.0035874
  LAMMPS    0.0003950    0.0000124    0.0000000    0.0001812   -0.0035750
 DESMOND    0.0002138   -0.0001688   -0.0001812    0.0000000   -0.0037562
  CHARMM    0.0039700    0.0035874    0.0035750    0.0037562    0.0000000

Bonded energy differences
                AMBER      GROMACS       LAMMPS      DESMOND       CHARMM
   AMBER    0.0000000   -0.0007737   -0.0007860   -0.0004821   -0.0035300
 GROMACS    0.0007737    0.0000000   -0.0000123    0.0002916   -0.0027563
  LAMMPS    0.0007860    0.0000123    0.0000000    0.0003039   -0.0027440
 DESMOND    0.0004821   -0.0002916   -0.0003039    0.0000000   -0.0030479
  CHARMM    0.0035300    0.0027563    0.0027440    0.0030479    0.0000000

LJ-14 energy differences
                AMBER      GROMACS       LAMMPS      DESMOND       CHARMM
   AMBER    0.0000000    0.0001338          n/a    0.0000073          n/a
 GROMACS   -0.0001338    0.0000000          n/a   -0.0001265          n/a
  LAMMPS          n/a          n/a          n/a          n/a          n/a
 DESMOND   -0.0000073    0.0001265          n/a    0.0000000          n/a
  CHARMM          n/a          n/a          n/a          n/a          n/a

Coulomb-14 energy differences
                AMBER      GROMACS       LAMMPS      DESMOND       CHARMM
   AMBER    0.0000000    0.0010982          n/a    0.0010273          n/a
 GROMACS   -0.0010982    0.0000000          n/a   -0.0000709          n/a
  LAMMPS          n/a          n/a          n/a          n/a          n/a
 DESMOND   -0.0010273    0.0000709          n/a    0.0000000          n/a
  CHARMM          n/a          n/a          n/a          n/a          n/a

van der Waals energy differences
                AMBER      GROMACS       LAMMPS      DESMOND       CHARMM
   AMBER    0.0000000    0.1005934    0.1059000          n/a   -0.0120100
 GROMACS   -0.1005934    0.0000000    0.0053066          n/a   -0.1126033
  LAMMPS   -0.1059000   -0.0053066    0.0000000          n/a   -0.1179100
 DESMOND          n/a          n/a          n/a          n/a          n/a
  CHARMM    0.0120100    0.1126033    0.1179100          n/a    0.0000000

Electrostatic energy differences
                AMBER      GROMACS       LAMMPS      DESMOND       CHARMM
   AMBER    0.0000000    0.7050221    0.7623000          n/a    1.3074300
 GROMACS   -0.7050221    0.0000000    0.0572779          n/a    0.6024079
  LAMMPS   -0.7623000   -0.0572779    0.0000000          n/a    0.5451300
 DESMOND          n/a          n/a          n/a          n/a          n/a
  CHARMM   -1.3074300   -0.6024079   -0.5451300          n/a    0.0000000

Nonbonded energy differences
                AMBER      GROMACS       LAMMPS      DESMOND       CHARMM
   AMBER    0.0000000    0.8056155    0.8682000          n/a    1.2954200
 GROMACS   -0.8056155    0.0000000    0.0625845          n/a    0.4898045
  LAMMPS   -0.8682000   -0.0625845    0.0000000          n/a    0.4272200
 DESMOND          n/a          n/a          n/a          n/a          n/a
  CHARMM   -1.2954200   -0.4898045   -0.4272200          n/a    0.0000000

Potential energy differences
                AMBER      GROMACS       LAMMPS      DESMOND       CHARMM
